5069000
3303000
44876000
2216000
2720000
44990000
4048000
5781000
44245000
6222000
5640000
45701000
4332000
4094000
46525000
8288000
8261000
46093000
7158000
7772000
47964000
4325000
5547000
46513000
4361000
3807000
44289000
4755000
5076000
43292000
4122000
6176000
48408000
4452000
4780000
46792000
4681000
4905000
46979000
5748000
6968000
49546000
4335000
3279000
46042000
4955000
3903000
47375000
7254000
4886000
48190000
3711000
3392000
43350000
5511000
3514000
44730000
5284000
5822000
46348000
3818000
6143000
48437000
4400000
5933000
44916000
5643000
4460000
48529000
7159000
7414000
44143000
3657000
5135000
45094000
5743000
3946000
47070000
7278000
4561000
45563000
2652000
2739000
50614000
14125000
7303000
53312000
7602000
6774000
50577000
9084000
11228000
46921000
4142000
3229000
44858000
2951000
4617000
51925000
4388000
4604000
45470000
5399000
5051000
49218000
7203000
4994000
48010000
5511000
6567000
49636000
3958000
9617000
50062000
8498000
7125000
51614000
4624000
7072000
47919000
6481000
8364000
51921000
6041000
7743000
48985000
7265000
5857000
47106000
10055000
7163000
56614000
4531000
6730000
48196000
4828000
8457000
46544000
5294000
8154000
48878000
8924000
5589000
43464000
6262000
7000000
48159000
2949000
2385000
41998000
2682000
4064000
42624000
2047000
1965000
44738000
1637000
1779000
41826000
2348000
3314000
45198000
6541000
30568000
45131000
7959000
5541000
52014000
7132000
5083000
45070000
4167000
5553000
45288000
4050000
4440000
46455000
4049000
4701000
48022000
6844000
5381000
44882000
9384000
6649000
45025000
7827000
7256000
46132000
7013000
6275000
49761000
7394000
6613000
46290000
6569000
6557000
47594000
7691000
7537000
4019000
5524000
46021000
5248000
5305000
49695000
4359000
5882000
45801000
5793000
5686000
44938000
4003000
5988000
48641000
5616000
3463000
48171000
6176000
7061000
44844000
7116000
5909000
45771000
6960000
7081000
46570000
6280000
7119000
44458000
4441000
5319000
47312000
7930000
8120000
49026000
7452000
4779000
48256000
5637000
4958000
47258000
7664000
6291000
46540000
6954000
5025000
48443000
6612000
6151000
49148000
7166000
8301000
44416000
9088000
6353000
48501000
7852000
7990000
48043000
6497000
4961000
47129000
8416000
4584000
46787000
6424000
6978000
51128000
7531000
5935000
45872000
7829000
9333000
47411000
7758000
9830000
47516000
6417000
9347000
47646000
3994000
4145000
48412000
5419000
5996000
46162000
7906000
6914000
50015000
8965000
11340000
47382000
5019000
7499000
50909000
7934000
7315000
48788000
6971000
8131000
47493000
5402000
4717000
49134000
8694000
7114000
48438000
6735000
7278000
49305000
7646000
6093000
48756000
7204000
9061000
47397000
6868000
7260000
45845000
6779000
7975000
49738000
4398000
5795000
46842000
5736000
7261000
45951000
9006000
6777000
46292000
6914000
7180000
49915000
5594000
8913000
45067000
7170000
6825000
50902000
6109000
6485000
47706000
6224000
5979000
45610000
5740000
6104000
49313000
6187000
7286000
49403000
4925000
7095000
46681000
7305000
4570000
46405000
7443000
8199000
47342000
7249000
7212000
47673000
5304000
8590000
49056000
4698000
5604000
48238000
6070000
3385000
48465000
6719000
7345000
49695000
7171000
8058000
45543000
5554000
8636000
48238000
7478000
6910000
46525000
5913000
7277000
49805000
6137000
5508000
46963000
7263000
5991000
47593000
6506000
7112000
48034000
6074000
7497000
45239000
4812000
4314000
49246000
7751000
5925000
48688000
7019000
7452000
47011000
7335000
6547000
50013000
9284000
7735000
46142000
6704000
8091000
50010000
7077000
4634000
45964000
6519000
4583000
47174000
7820000
6177000
45200000
7552000
6015000
46288000
7187000
8728000
46183000
5148000
5714000
46703000
9376000
8433000
45349000
7196000
7495000
49151000
6252000
5324000
44268000
6255000
4647000
49481000
6121000
7397000
47229000
6681000
7625000
46982000
4946000
9297000
48265000
8427000
8405000
48797000
7102000
6018000
45547000
3185000
3899000
47599000
4832000
12302000
41755000
2299000
2313000
43894000
3420000
4509000
46010000
6748000
7489000
46456000
4234000
6375000
47152000
5114000
8815000
47209000
6964000
6064000
46703000
4079000
4656000
45856000
6150000
5994000
48025000
5232000
5749000
47507000
3061000
7669000
49607000
3260000
5480000
46089000
4704000
5875000
46542000
5649000
6037000
45850000
4245000
5463000
47002000
4689000
4692000
45429000
4523000
6490000
45641000
5580000
7346000
50635000
4234000
7535000
48201000
5536000
7062000
47314000
7968000
7549000
47344000
7299000
7281000
51153000
7514000
6035000
46385000
4728000
8365000
45332000
8685000
7708000
48442000
6113000
8287000
50270000
6100000
6963000
46230000
6290000
5693000
50103000
6836000
6719000
50526000
8673000
4306000
44926000
3964000
5351000
50186000
7369000
6809000
50053000
7353000
6853000
50358000
7214000
6176000
46960000
6739000
5664000
49983000
8333000
7176000
50941000
5927000
5902000
47552000
6475000
6143000
49339000
3905000
6546000
47763000
6662000
7489000
47952000
7522000
5768000
50310000
7429000
6400000
48932000
7218000
4939000
48473000
7393000
8218000
45621000
7098000
6543000
45049000
6460000
5631000
44056000
5573000
7905000
45699000
8360000
7502000
45007000
6775000
6593000
49414000
4997000
5493000
47744000
7575000
6754000
49681000
7403000
7172000
46577000
6992000
6092000
48985000
5459000
9404000
49167000
7380000
7505000
50250000
7957000
7322000
48208000
5613000
5635000
51658000
6825000
7930000
50115000
8065000
7570000
46356000
7061000
5466000
47003000
2917000
3586000
44921000
5638000
6907000
50509000
6314000
8025000
49435000
6105000
5888000
46667000
5306000
8300000
44936000
6128000
6499000
47660000
11020000
7813000
49615000
4141000
7905000
52043000
6971000
9419000
45502000
6935000
7284000
46080000
5189000
6037000
49124000
5197000
8107000
47852000
6448000
7764000
48615000
4501000
7550000
51032000
5594000
5710000
45522000
8438000
7313000
50560000
6411000
6983000
46380000
6740000
5951000
50195000
4142000
8274000
49175000
7854000
8006000
47615000
6482000
7726000
50569000
4880000
6850000
48035000
8812000
7277000
47665000
7080000
8137000
46983000
5746000
7482000
45340000
3775000
4415000
50340000
6601000
7552000
51078000
6564000
7121000
46454000
7149000
5070000
50213000
6898000
6292000
49569000
7115000
4860000
47805000
4629000
4539000
48588000
7871000
5767000
47709000
4613000
7608000
50049000
7615000
6979000
50444000
6340000
7503000
47824000
6280000
4653000
49478000
7773000
6484000
48910000
8355000
7300000
46100000
6584000
7972000
45914000
5020000
7260000
44575000
7826000
7972000
46033000
6887000
7828000
47296000
8132000
7238000
46369000
6729000
9466000
48628000
7051000
9733000
48496000
7037000
8289000
49478000
6489000
7109000
46516000
9740000
9955000
44692000
2240000
1983000
43811000
2709000
4194000
47803000
7266000
6545000
44329000
5253000
8360000
50376000
7084000
8971000
48308000
6379000
7345000
45116000
5921000
6972000
45043000
6281000
6935000
47003000
8605000
8304000
46828000
7931000
4752000
47859000
4690000
6847000
45298000
4761000
6987000
48325000
3993000
3758000
43272000
7787000
7060000
47677000
6626000
8733000
48223000
8587000
7087000
46582000
3999000
7856000
50770000
4941000
8270000
51169000
7748000
8799000
51178000
4172000
9323000
50969000
6938000
7544000
45592000
7895000
8458000
48115000
5525000
7638000
47142000
6631000
6167000
50487000
4549000
7660000
51325000
6006000
9149000
50575000
6713000
8403000
48513000
4786000
9157000
46025000
7060000
7346000
51251000
5398000
7424000
45771000
6789000
5511000
45244000
4630000
6694000
48507000
8090000
6886000
46753000
6610000
6810000
46543000
5503000
5969000
47271000
7950000
6971000
47626000
6297000
16748000
47914000
5956000
7043000
47226000
7542000
7359000
49337000
6194000
8845000
48532000
5686000
6790000
46605000
8732000
7987000
50076000
8182000
5223000
47746000
4074000
5489000
47992000
4079000
7378000
50255000
6817000
7866000
46527000
6170000
4012000
48854000
5000000
4267000
45244000
6801000
7036000
45117000
7066000
6845000
47084000
6421000
7501000
49421000
4698000
5094000
45850000
7504000
7443000
46296000
7343000
6634000
50416000
6815000
5522000
49686000
6772000
4416000
45143000
6167000
5083000
51641000
7314000
8808000
44988000
7072000
6322000
49964000
7292000
8435000
48025000
7891000
8055000
46483000
7028000
6495000
45119000
7165000
6584000
47445000
7121000
8342000
49467000
6151000
7858000
48542000
4762000
5542000
46902000
7299000
10467000
47214000
6522000
7408000
46263000
6871000
5257000
46914000
7345000
8966000
47753000
7845000
7502000
46926000
7792000
9564000
50163000
6053000
9785000
42619000
2248000
2411000
45168000
8460000
2368000
43197000
1899000
3034000
42953000
2041000
2192000
46862000
3434000
5336000
48480000
4199000
8265000
44524000
6677000
7356000
50204000
4849000
7396000
46614000
6398000
4967000
46282000
5118000
8374000
46746000
8212000
8202000
46689000
6299000
7435000
48392000
4377000
6719000
45733000
5316000
5007000
45601000
7094000
6640000
50635000
6252000
6516000
45776000
4867000
5711000
48449000
7613000
7394000
49933000
6686000
7172000
45940000
5463000
4576000
47485000
5964000
7679000
51460000
6202000
7612000
46889000
6490000
7552000
47908000
4898000
5535000
48233000
7455000
6473000
47739000
6560000
4513000
50624000
6145000
5439000
46030000
7367000
7377000
50042000
6711000
8710000
47905000
7089000
8086000
45872000
4297000
7341000
48137000
3768000
6333000
44329000
9612000
6780000
47085000
6795000
7979000
48877000
3116000
4471000
45693000
5623000
3939000
46002000
5368000
2877000
45378000
1931000
2436000
44971000
7206000
6242000
49920000
6342000
7861000
48337000
17616000
7006000
47830000
6691000
8082000
47553000
4925000
7377000
45416000
8500000
7699000
51007000
4272000
7775000
46858000
6347000
7978000
49345000
7195000
7776000
51159000
6527000
7979000
45462000
6430000
7507000
49024000
6464000
8615000
44334000
6763000
7665000
45147000
3948000
2726000
44754000
4302000
7589000
44063000
3991000
7692000
45638000
5970000
7340000
51548000
14314000
2310000
46475000
3104000
7432000
48683000
7871000
9787000
46477000
6495000
6453000
46812000
6061000
8026000
49426000
6045000
6260000
52522000
4632000
3097000
48546000
3703000
6527000
45954000
5571000
6854000
46056000
7070000
7340000
49228000
4368000
5942000
46642000
7935000
7209000
46387000
5960000
7438000
47693000
6596000
4997000
46434000
8613000
8321000
48735000
6674000
7856000
51312000
7733000
7452000
47560000
6334000
5414000
46313000
7353000
7708000
51052000
6015000
5070000
50824000
6260000
6983000
49834000
8295000
7936000
51397000
6495000
7516000
49619000
6301000
7525000
44904000
5127000
5318000
47937000
6840000
7695000
49868000
6504000
7145000
49623000
6802000
5795000
50014000
7451000
7424000
47076000
6993000
8456000
49505000
6738000
5707000
53023000
5856000
4779000
49398000
7839000
6060000
50010000
6839000
7441000
49497000
6194000
7422000
48544000
4299000
7080000
49725000
8203000
8879000
48924000
2935000
4025000
48221000
7149000
9169000
45895000
4721000
7284000
47904000
7744000
8370000
48412000
7035000
7554000
46702000
6557000
6611000
47004000
5323000
10018000
45021000
5811000
5776000
50885000
7045000
7307000
50188000
6904000
5311000
48000000
4553000
6647000
49272000
6696000
4763000
49554000
5458000
4377000
49573000
5701000
6126000
44971000
4038000
7049000
50499000
4795000
6382000
51305000
5318000
5578000
46462000
4526000
6183000
44813000
7355000
7019000
45729000
4954000
5915000
49350000
5271000
5506000
48901000
4486000
6373000
48364000
6617000
6082000
49466000
8097000
7747000
47753000
5242000
6861000
49416000
3890000
5976000
46961000
7137000
7245000
46620000
6446000
7720000
48663000
7103000
4834000
47622000
8030000
5556000
51256000
6641000
4393000
46980000
3990000
4778000
46600000
6658000
5676000
48316000
7057000
7133000
46204000
6513000
5466000
51248000
6825000
6078000
50227000
5459000
6368000
46494000
7674000
6242000
44822000
6615000
7550000
45502000
5705000
5090000
44984000
7502000
7287000
46774000
7158000
8186000
46629000
7048000
5878000
48981000
4627000
5152000
46853000
7696000
7919000
47071000
6959000
7549000
48752000
6452000
5798000
44983000
7422000
8734000
49882000
6715000
7815000
51088000
7400000
7563000
44832000
6416000
6078000
48595000
9090000
8308000
50539000
5938000
2939000
46337000
1932000
2997000
47976000
4678000
6370000
47220000
5619000
5965000
45219000
5866000
6334000
45709000
6442000
8167000
50498000
6922000
6481000
44914000
4099000
8165000
49287000
5910000
7042000
46162000
4961000
3442000
47834000
9142000
7259000
47171000
4771000
7066000
46145000
7169000
6973000
47516000
6157000
8413000
48617000
7001000
5408000
47024000
4328000
10403000
50588000
8124000
7167000
45810000
7161000
8391000
49566000
3737000
5304000
48768000
7107000
5167000
46178000
9731000
4738000
48189000
6269000
6128000
46219000
3949000
5208000
50421000
8337000
8923000
50949000
7151000
7523000
49779000
5881000
6068000
50785000
7986000
8691000
47049000
6679000
6761000
51110000
7426000
6109000
49433000
6621000
8255000
46393000
8086000
8407000
49124000
6794000
7772000
46559000
5097000
8012000
49388000
10133000
6378000
49928000
7388000
5179000
50211000
6595000
6510000
49613000
8904000
7682000
48497000
8944000
5384000
51120000
8558000
5995000
50266000
5692000
8050000
43486000
2357000
3096000
48129000
4594000
7234000
47569000
2101000
9934000
49308000
6020000
5569000
46581000
8035000
7682000
51152000
6502000
7348000
49966000
7143000
5071000
48134000
5090000
6319000
50196000
7273000
9028000
47697000
6692000
7544000
45042000
4446000
6878000
44952000
8361000
7070000
46946000
6389000
7184000
47161000
5972000
6871000
44928000
7595000
9417000
46123000
7485000
7380000
48751000
6608000
7639000
47962000
6274000
5158000
48581000
6361000
6251000
49237000
4354000
8281000
46890000
4448000
4188000
50482000
3829000
7179000
47622000
6475000
6533000
46735000
6283000
8387000
46630000
5947000
7112000
47636000
6478000
6269000
47960000
4731000
4461000
46875000
7100000
6988000
45072000
4018000
6622000
50591000
5707000
6925000
49032000
5339000
3720000
46131000
4214000
6965000
47475000
4278000
7083000
43888000
7741000
6490000
49495000
7492000
7041000
48336000
7229000
5021000
48109000
5645000
8394000
45738000
5377000
7631000
46755000
7102000
13193000
49394000
6191000
8398000
50840000
6776000
8529000
47799000
5536000
7055000
49683000
5047000
5221000
47402000
7187000
6811000
50806000
7726000
7196000
50990000
6306000
8644000
46367000
9855000
6869000
47939000
7237000
7956000
47127000
7884000
8369000
49879000
4814000
4675000
46451000
7166000
7239000
46976000
8342000
7614000
50145000
5885000
5518000
44569000
5566000
7371000
50539000
8729000
6253000
50807000
6923000
6506000
50018000
5522000
6083000
47997000
8411000
8037000
46570000
7200000
6418000
50815000
6485000
7292000
45469000
7374000
7509000
49570000
2027000
1998000
43922000
3327000
7409000
46294000
7186000
6109000
45520000
4929000
7777000
46043000
7788000
7187000
47060000
6801000
7049000
46690000
5648000
6232000
45867000
4542000
5655000
42881000
1683000
2696000
1880000
47044000
3648000
7422000
49888000
6519000
5623000
47196000
6433000
4264000
46141000
4900000
6724000
52779000
7639000
7522000
49947000
6807000
7195000
49382000
4343000
6546000
48274000
5847000
6938000
50024000
6191000
7148000
49748000
7167000
6104000
45977000
6319000
4347000
48142000
7606000
6369000
48302000
7504000
6714000
45659000
6251000
7207000
49707000
4176000
4981000
48722000
6688000
7461000
48947000
6671000
6840000
48718000
6752000
6686000
45460000
4703000
4810000
48915000
5466000
6959000
50750000
6143000
7226000
44600000
4682000
2777000
48309000
4468000
5898000
45004000
8369000
7595000
46454000
6774000
7943000
49578000
6462000
5032000
46912000
4312000
6702000
49665000
5629000
7125000
49458000
4708000
7549000
50082000
6462000
5881000
48900000
6395000
6650000
48940000
8532000
6997000
45291000
6353000
7486000
44972000
4533000
6324000
45163000
9157000
6850000
47036000
6171000
6670000
44744000
7007000
6915000
46223000
6150000
5044000
45130000
6579000
7075000
48937000
6590000
6117000
49466000
6720000
4155000
48302000
6355000
9501000
46510000
7317000
7628000
47235000
8081000
7067000
48230000
6567000
5222000
49382000
9136000
6839000
46026000
6840000
4804000
48654000
7327000
6196000
49940000
7890000
8322000
45645000
7420000
6488000
46774000
7124000
6972000
46748000
6418000
5769000
42402000
3631000
4331000
46952000
7332000
7379000
50892000
7230000
5827000
49241000
4721000
8395000
46615000
4452000
8165000
47080000
6566000
7564000
44767000
6717000
4144000
46505000
7287000
7236000
48548000
7838000
7135000
48222000
6300000
7913000
49515000
6108000
5699000
46304000
7413000
7570000
45533000
7162000
7287000
47102000
7334000
7553000
46716000
7253000
8450000
49786000
6965000
8046000
46274000
4783000
8280000
46957000
5573000
6289000
46488000
8987000
7952000
44817000
6463000
8764000
50159000
8693000
7589000
49157000
5458000
8453000
47685000
5795000
8450000
49757000
6336000
7247000
46318000
5026000
5850000
47732000
4931000
8292000
45639000
7502000
7355000
47911000
6411000
6065000
47894000
4130000
8364000
50232000
7519000
7361000
49774000
3537000
3080000
44741000
4792000
9240000
46501000
7164000
8626000
45457000
7534000
7560000
50872000
4803000
7151000
46624000
6112000
5843000
49434000
4020000
8094000
45482000
5791000
6269000
47749000
6052000
14962000
47125000
8400000
7681000
50843000
6678000
6864000
48572000
7706000
6338000
44618000
5453000
7536000
46818000
6492000
7185000
50569000
6392000
7302000
45981000
5884000
6697000
48554000
9126000
7348000
48524000
7077000
8063000
48946000
5447000
8200000
49733000
4809000
9046000
46808000
8093000
7791000
47309000
7165000
8556000
46296000
5552000
4752000
48415000
6700000
6283000
47435000
10889000
7247000
44801000
4947000
2508000
42054000
2082000
2626000
48653000
4165000
7424000
47685000
7706000
7672000
46098000
8133000
6350000
45507000
6283000
5830000
42990000
3243000
4899000
49205000
7619000
7921000
43554000
2135000
2730000
42567000
1881000
2471000
41806000
1595000
2130000
42587000
4009000
1986000
46258000
2163000
2700000
48492000
6240000
7673000
50404000
8891000
7258000
49144000
6907000
8871000
48979000
4401000
6291000
44933000
6984000
8052000
47713000
6279000
7112000
49944000
4400000
8487000
46448000
5514000
5243000
50686000
7431000
6883000
49897000
7310000
7445000
44557000
7755000
6523000
48546000
3825000
8831000
48336000
5740000
7135000
48346000
6788000
7185000
50646000
4892000
5905000
46037000
5897000
7699000
49913000
6931000
7268000
47547000
6429000
7492000
46627000
4870000
6649000
46116000
7934000
8316000
46730000
6833000
7350000
46033000
5056000
4286000
43800000
7576000
6761000
48906000
6471000
4925000
46241000
3072000
4898000
44944000
6569000
11310000
47041000
6182000
8187000
48125000
7314000
6702000
46961000
5995000
3509000
44869000
5913000
5025000
48195000
8393000
6848000
46797000
6652000
7126000
47768000
7046000
7327000
50160000
18365000
7384000
48434000
5331000
5685000
45543000
7412000
6902000
45327000
7681000
5421000
46895000
7087000
6463000
47701000
9160000
7433000
49926000
5956000
9347000
45880000
6179000
6526000
46247000
5388000
8063000
49830000
6991000
7682000
43534000
7078000
7293000
50344000
6020000
5470000
44473000
7630000
8564000
51779000
7724000
7098000
48044000
5481000
5585000
45667000
4931000
6925000
47588000
6547000
7845000
47033000
6185000
7407000
46539000
5588000
6727000
47299000
6338000
7700000
46023000
7860000
7050000
45061000
3726000
2598000
48817000
3947000
5789000
49399000
6205000
7723000
50012000
7326000
7386000
46206000
6516000
6906000
47522000
5279000
9556000
48734000
9027000
7000000
50359000
4561000
8266000
51215000
4126000
4492000
44413000
7861000
6478000
45793000
6820000
6861000
50292000
5429000
7196000
45862000
4628000
5646000
48456000
5910000
6423000
48146000
6959000
7286000
45312000
7008000
6953000
49625000
4023000
6139000
43752000
7967000
5758000
49237000
7177000
7612000
49581000
6624000
4689000
47435000
3727000
8100000
49519000
7490000
7739000
46453000
6646000
3775000
46854000
6368000
5789000
48399000
7580000
5868000
46168000
8377000
7594000
51277000
7977000
6923000
50387000
5381000
5416000
48687000
6284000
8574000
49268000
6661000
6816000
50977000
6843000
7789000
47929000
4064000
5684000
48721000
4744000
5904000
47903000
7676000
7104000
47768000
6661000
6974000
45481000
7468000
6751000
45013000
7166000
9513000
46578000
7833000
6870000
45600000
7026000
8140000
45490000
4468000
7297000
43350000
5813000
7736000
46876000
7961000
4602000
41430000
1768000
2027000
3046000
48085000
4713000
5621000
49434000
4590000
6262000
48889000
8226000
7972000
50049000
5713000
8521000
47529000
5622000
6706000
45529000
7895000
7556000
50382000
6846000
8960000
48487000
6310000
5983000
49874000
9749000
7354000
51370000
6556000
7905000
49393000
4964000
7027000
47434000
3569000
5398000
45781000
5950000
7190000
48101000
5237000
6139000
47376000
5055000
8027000
49919000
3144000
7613000
50395000
3741000
6655000
45494000
4771000
6521000
49668000
4910000
3122000
42619000
4556000
6513000
45047000
5933000
8036000
50993000
5929000
6545000
46501000
4153000
5060000
46608000
5956000
7757000
47734000
4808000
6101000
43993000
3930000
4997000
47774000
5948000
4394000
49773000
4526000
8361000
48127000
4425000
5285000
43723000
4568000
4517000
42890000
2849000
4641000
44914000
6370000
5666000
45275000
4338000
5129000
44404000
5472000
3789000
44355000
5360000
6259000
44407000
5470000
8400000
47037000
4867000
5614000
44682000
5360000
5100000
45232000
4369000
5442000
48593000
6470000
5865000
44450000
4559000
3912000
44458000
3039000
5566000
49049000
3801000
7535000
46222000
5029000
5418000
45782000
5736000
8168000
44675000
3822000
5014000
44710000
4361000
3981000
46839000
4962000
6330000
44887000
5528000
4558000
46257000
2379000
4073000
44920000
4627000
3747000
47426000
4562000
5795000
49596000
7444000
5997000
45652000
3978000
5685000
45456000
3652000
4031000
45558000
4662000
4447000
46997000
3415000
3725000
44826000
3557000
5199000
45489000
4036000
4503000
48848000
5583000
5502000
47039000
4925000
4116000
45650000
6513000
7623000
47556000
6712000
4624000
48254000
5327000
7344000
50335000
6364000
5844000
45851000
6433000
7430000
46569000
8233000
7239000
49396000
7912000
8004000
46029000
5504000
6166000
49506000
7377000
8072000
49497000
6985000
8222000
48739000
6744000
5219000
50424000
6899000
9410000
48813000
6443000
7228000
50709000
6757000
6316000
47919000
6479000
5756000
45488000
7256000
7985000
50703000
6557000
7922000
52734000
5831000
5643000
48530000
8425000
5803000
44747000
1787000
6426000
50474000
6659000
7299000
45909000
6062000
4662000
49831000
7679000
7725000
47912000
4489000
5742000
49311000
4163000
8138000
44733000
3791000
5065000
50034000
8067000
8391000
46393000
6704000
6800000
50991000
6957000
5858000
45877000
7249000
8259000
47712000
6641000
7783000
47071000
6293000
6686000
50613000
5872000
6100000
46391000
6823000
8337000
49063000
6876000
7951000
45448000
6457000
8230000
48887000
5317000
6430000
48042000
7783000
7046000
49918000
6800000
8150000
49443000
6771000
7375000
45389000
5405000
7828000
47084000
7410000
7930000
48542000
6711000
7706000
46731000
7429000
6267000
47671000
6594000
8347000
47710000
7804000
3434000
45743000
2298000
3139000
47891000
5288000
7546000
50450000
4552000
7928000
51169000
4433000
4110000
46503000
4296000
8516000
50032000
5066000
9505000
49501000
6263000
6508000
44877000
6035000
5889000
47939000
4956000
6436000
49881000
6165000
4065000
43934000
6188000
4139000
46776000
4575000
3967000
49703000
5907000
5367000
44169000
4325000
4136000
49682000
6300000
4241000
43022000
4980000
4133000
44647000
6361000
4907000
47543000
3011000
5137000
48253000
4071000
6950000
47806000
6169000
5822000
45881000
6591000
6135000
46456000
6663000
6340000
48675000
4263000
7113000
47502000
4279000
5576000
46759000
6552000
7133000
51441000
6072000
5587000
50040000
7178000
6892000
46478000
7845000
7510000
50996000
6157000
8464000
46225000
6658000
7881000
47273000
7867000
7368000
49370000
7185000
7288000
48890000
4704000
5922000
51073000
7579000
7881000
43785000
2652000
3979000
48857000
6670000
8400000
48419000
6269000
8484000
45117000
5653000
7155000
46756000
8888000
7256000
47276000
6808000
5744000
44759000
7554000
7964000
49575000
7305000
7154000
50022000
6901000
6287000
48593000
5003000
7662000
45038000
6377000
7892000
46778000
7147000
7457000
47387000
7079000
4761000
44483000
5221000
9879000
48922000
6016000
7430000
50810000
6412000
7011000
47902000
4451000
7858000
50264000
5016000
7496000
46564000
6704000
7219000
49352000
6222000
5633000
46905000
7085000
6587000
45768000
7590000
8229000
48249000
6534000
7411000
46996000
4955000
4606000
45776000
4309000
8016000
49608000
6816000
7229000
44977000
6485000
7980000
50144000
5410000
4547000
46884000
8659000
7865000
49389000
6816000
7801000
48504000
9104000
3926000
44080000
3346000
3715000
50432000
7603000
4984000
49374000
4685000
5120000
47557000
7184000
7309000
49222000
5846000
4886000
46276000
6629000
5246000
48700000
4882000
4381000
48807000
6418000
7676000
45596000
5951000
7656000
50944000
6895000
7379000
51279000
6828000
7244000
49732000
6746000
5983000
49658000
8589000
7819000
47675000
9017000
7992000
51335000
7104000
6660000
48409000
5011000
8812000
49969000
6003000
7642000
50898000
7046000
6957000
47435000
4383000
7386000
46043000
8071000
7633000
51276000
7782000
7524000
47484000
6103000
6108000
47033000
7117000
7654000
46546000
6492000
7400000
51690000
6636000
7441000
47547000
6352000
7980000
50394000
7519000
8976000
46159000
7691000
7300000
46342000
6542000
8480000
50538000
6347000
8158000
47689000
3118000
3784000
45022000
7009000
6254000
45385000
6427000
7788000
46727000
10222000
7921000
50975000
6823000
8260000
50051000
5205000
9416000
50928000
7493000
9747000
51580000
6240000
7789000
48550000
7164000
7292000
45983000
8705000
7432000
47380000
6758000
7457000
47048000
6936000
5219000
48860000
7533000
10246000
42644000
1945000
2096000
41708000
3016000
4048000
50416000
7077000
9544000
46534000
4579000
5631000
50428000
7179000
7209000
49994000
6752000
8579000
49085000
6578000
7858000
49578000
4415000
4477000
45703000
7533000
8012000
50236000
7162000
7414000
49638000
6697000
7530000
45485000
4952000
7346000
44981000
8386000
6957000
46388000
7682000
7260000
46270000
6120000
4941000
46751000
6724000
8129000
46667000
7040000
5598000
49880000
6090000
5420000
45859000
4249000
5325000
47339000
8495000
7274000
46631000
6954000
7472000
46173000
6090000
8179000
46268000
4589000
5689000
50098000
6525000
7185000
48172000
7196000
7063000
48288000
6417000
7808000
47606000
5450000
8535000
45290000
6775000
6630000
49569000
7090000
7242000
47735000
5406000
4310000
49063000
5102000
8432000
46859000
7155000
7977000
49100000
7214000
7767000
50499000
4699000
5466000
44879000
5910000
7019000
48679000
6431000
6968000
45300000
6843000
6168000
45901000
4896000
5342000
46815000
7570000
7744000
44899000
7169000
7227000
50578000
5744000
5624000
49434000
5510000
6662000
45746000
6876000
7660000
49698000
6913000
7416000
50755000
4146000
5621000
45938000
7347000
7873000
45448000
6999000
8164000
45872000
5207000
5254000
49793000
11698000
2432000
47476000
2924000
4738000
50334000
7005000
6889000
47411000
5661000
5437000
49638000
7991000
10903000
43078000
2288000
2704000
41985000
3287000
2274000
42901000
2405000
2775000
42768000
1997000
2036000
47305000
3673000
7530000
44864000
7441000
7800000
50515000
6425000
7530000
49997000
5604000
4700000
48736000
5996000
7600000
54244000
8959000
9289000
47887000
6728000
6329000
49853000
3854000
6566000
49674000
6664000
7026000
46357000
7051000
7076000
47608000
7787000
4979000
46626000
7939000
8134000
50132000
6715000
7588000
50646000
7015000
8208000
45048000
5064000
6820000
44140000
7484000
4949000
47205000
6740000
7904000
47095000
6743000
6778000
46985000
4826000
6062000
45935000
7447000
8052000
49758000
6309000
7542000
50396000
5880000
6825000
43461000
3820000
5779000
49779000
8257000
7947000
47399000
6403000
8487000
48201000
4519000
6643000
49804000
9378000
6701000
44960000
4534000
7683000
45603000
5724000
6634000
50003000
5938000
8544000
51271000
6852000
7696000
47463000
7064000
19393000
46612000
8629000
5978000
47838000
7713000
7922000
46294000
6386000
7745000
50016000
5220000
4814000
48477000
5958000
7437000
45692000
7651000
6825000
50481000
6941000
8116000
47393000
4523000
7250000
50016000
7548000
7548000
48800000
4389000
2362000
42658000
4770000
8222000
48592000
4987000
6518000
45755000
7681000
7493000
55631000
6659000
3629000
47560000
3775000
4939000
50298000
4757000
5501000
46592000
8006000
8099000
50945000
6600000
8043000
47252000
6605000
6471000
47373000
6518000
5853000
41972000
1816000
1618000
47020000
3401000
4636000
48479000
7342000
8011000
48527000
6303000
6786000
46831000
7754000
9286000
48585000
7426000
6622000
46166000
6662000
6539000
48612000
5615000
5790000
50409000
6133000
6754000
49969000
6890000
8510000
48559000
6384000
4451000
45953000
4936000
7742000
47180000
7520000
7250000
50322000
5966000
8425000
50431000
4390000
6977000
48943000
6835000
6815000
50866000
6668000
7453000
46391000
7490000
6897000
45611000
4220000
6861000
48799000
7535000
7940000
47334000
6853000
6449000
47443000
4955000
4936000
44831000
8661000
7694000
49334000
6830000
7543000
50387000
7026000
5433000
43987000
5305000
6668000
53193000
7355000
8257000
46911000
7288000
7826000
49263000
5242000
6221000
45502000
7453000
7849000
44361000
5572000
7740000
43017000
3193000
3422000
49456000
4840000
4959000
47699000
5462000
6624000
50586000
6842000
7643000
45411000
6530000
7768000
45263000
5342000
7075000
49050000
5974000
7262000
46246000
7456000
7414000
47472000
6486000
6062000
44854000
6748000
7990000
45760000
5974000
7492000
51020000
6313000
8448000
46914000
5021000
5320000
48602000
7249000
7615000
48801000
7045000
8646000
52709000
7359000
4651000
47763000
5407000
8206000
45604000
7032000
8452000
49408000
6074000
7660000
50316000
5614000
5666000
45168000
6106000
7152000
50645000
6754000
8278000
45586000
6723000
6523000
48116000
5339000
4732000
50457000
4905000
7812000
48802000
6704000
8083000
51156000
5665000
6302000
49158000
6157000
8498000
45903000
6978000
8364000
49357000
7123000
6581000
44990000
6729000
2596000
47294000
4120000
5719000
44919000
8158000
7165000
45111000
6931000
7258000
47130000
3661000
6188000
49186000
6803000
4475000
47350000
5376000
6968000
47305000
5111000
4140000
48944000
3337000
7000000
48296000
7079000
5320000
47942000
4622000
6626000
47570000
3793000
5846000
49128000
6902000
6082000
47286000
5490000
5910000
48749000
4223000
5605000
45788000
5201000
7288000
48987000
6613000
5761000
50876000
8485000
7823000
45947000
6937000
7110000
49961000
5836000
8939000
50709000
7355000
8972000
48132000
7146000
7675000
48607000
6054000
5567000
48298000
6953000
8612000
46697000
7334000
7018000
50465000
6879000
4778000
51369000
8439000
8096000
48434000
7199000
8148000
48497000
6944000
6599000
48942000
5666000
10663000
47618000
7624000
7425000
47945000
3000000
5089000
47686000
4732000
6020000
49642000
7603000
8531000
46537000
8211000
7172000
45598000
6684000
5768000
44658000
4761000
6724000
48004000
6188000
7715000
46264000
6756000
7326000
48198000
5158000
6250000
48404000
8287000
7092000
46384000
7362000
6979000
50366000
7005000
8033000
46166000
6992000
9303000
47928000
6809000
7371000
48887000
6719000
7284000
49256000
5977000
5268000
48652000
6597000
3349000
42821000
1639000
2518000
44382000
3660000
5674000
48214000
8409000
7348000
44594000
4355000
7388000
48946000
7248000
7561000
48301000
6955000
7540000
48749000
6537000
5849000
46882000
4159000
9397000
49618000
7868000
9455000
49533000
6338000
6613000
46416000
5610000
5535000
45485000
9492000
8970000
47903000
7891000
8486000
49993000
7755000
4975000
45432000
2541000
4155000
49694000
5558000
7457000
49404000
7566000
7594000
48534000
7703000
5919000
46164000
5500000
7164000
43995000
7113000
7754000
49649000
6746000
7300000
49972000
6337000
6078000
45781000
6468000
7934000
48582000
8012000
5632000
49196000
6536000
7630000
47772000
5314000
8631000
50191000
7212000
7142000
46839000
6381000
7049000
51327000
7479000
7352000
45552000
7334000
6637000
48841000
7224000
8574000
48145000
7450000
7362000
48578000
3873000
5676000
49097000
6376000
7130000
48236000
7424000
8028000
46383000
6107000
4796000
48840000
7820000
8281000
46255000
6871000
6505000
45884000
13505000
8718000
45435000
5704000
6828000
50225000
7671000
4912000
47449000
6545000
7987000
46927000
7205000
6835000
47028000
6902000
7665000
43741000
3064000
5428000
44862000
6915000
6979000
45854000
5830000
5657000
45876000
7974000
8590000
46724000
6997000
7475000
45741000
9141000
6116000
46455000
7669000
7637000
48260000
7051000
7477000
45432000
6865000
6453000
50721000
5906000
5639000
63654000
8111000
8484000
49051000
6968000
4955000
48165000
3575000
8184000
47403000
5863000
6449000
51203000
3804000
6126000
46531000
6602000
5728000
49663000
4234000
8299000
49217000
5982000
6195000
51144000
6690000
3933000
49035000
6365000
7459000
47900000
4721000
6371000
48071000
5011000
5609000
48157000
4863000
5268000
49525000
5156000
6297000
45944000
4780000
7496000
50423000
5834000
7128000
45130000
6935000
6729000
48464000
4308000
8020000
50492000
8066000
7472000
47684000
6755000
7352000
49435000
8411000
8471000
42503000
2038000
2633000
47594000
5366000
7964000
49378000
7315000
7353000
46842000
6634000
7028000
48325000
4140000
7992000
48243000
7795000
8288000
49667000
6279000
7031000
50163000
5950000
6114000
47442000
7225000
7227000
45778000
8304000
7293000
45553000
6570000
5891000
48614000
4547000
7054000
50091000
8368000
7722000
48817000
6585000
8610000
46045000
5280000
7088000
50327000
7698000
8327000
45941000
7036000
7206000
48384000
4566000
5428000
47866000
6064000
9107000
50657000
6356000
7595000
50447000
6147000
8169000
50772000
5070000
7255000
50045000
7047000
6674000
46062000
6919000
6602000
51157000
7038000
6802000
46560000
4850000
8680000
47300000
6967000
7188000
45777000
7398000
7491000
46211000
5425000
5035000
46217000
7461000
7626000
44842000
2846000
5717000
45690000
6543000
7312000
45802000
5688000
7073000
43687000
3005000
1729000
41651000
2283000
2642000
43572000
4946000
7808000
45839000
6758000
6995000
47779000
4117000
6102000
44407000
6742000
6747000
49881000
6970000
7200000
48711000
5521000
5320000
46595000
9510000
7387000
46694000
7294000
7505000
46892000
7313000
5502000
45894000
7993000
8502000
47650000
6319000
7500000
49671000
6764000
7713000
45849000
5432000
5599000
48670000
7644000
7746000
45344000
6986000
7520000
46525000
6557000
5255000
49149000
5136000
8772000
45736000
8087000
7774000
49677000
6683000
6951000
48739000
6165000
6942000
47844000
5105000
9148000
46499000
6909000
8216000
47387000
6471000
7247000
50661000
4407000
6235000
44444000
8092000
7499000
46350000
8162000
5485000
44041000
3921000
5551000
44080000
4537000
6035000
49487000
7206000
5391000
49258000
5438000
5355000
47278000
4346000
4221000
49039000
4278000
3544000
48376000
2586000
3949000
45794000
3780000
3210000
48588000
5977000
6165000
45031000
5669000
4534000
48825000
4788000
6036000
49500000
6258000
5187000
47628000
4955000
5853000
44900000
6352000
5853000
45426000
4865000
5724000
47970000
4662000
5138000
45787000
4559000
3994000
44712000
4468000
5233000
43944000
5751000
4938000
50348000
5678000
5660000
45453000
6148000
5883000
50637000
3477000
6011000
48978000
4834000
5512000
45949000
5490000
4270000
49744000
4172000
5677000
48033000
4111000
6116000
44734000
3997000
4223000
50115000
4844000
4666000
43440000
3954000
5084000
45942000
6967000
3425000
49511000
5644000
3466000
45114000
4607000
7546000
48357000
5427000
7016000
50129000
4510000
5442000
50829000
4698000
4734000
46217000
4158000
7398000
45367000
4776000
8423000
50806000
6957000
8792000
50902000
6727000
5583000
47528000
7763000
7812000
51369000
5730000
7629000
50657000
7616000
7460000
46514000
5997000
9601000
47388000
8817000
7302000
46588000
8129000
8236000
49449000
5868000
7125000
46509000
7627000
7241000
51095000
6850000
6738000
49648000
5568000
6091000
47142000
4662000
11553000
48310000
6442000
7756000
46148000
8091000
7139000
45437000
5516000
8693000
49049000
7500000
7910000
49834000
7904000
4699000
51418000
4896000
8947000
47280000
7217000
7666000
50698000
7132000
7920000
47804000
7562000
8523000
48038000
6351000
8607000
50086000
6331000
7869000
43867000
3643000
4315000
46599000
6273000
5766000
47112000
8056000
7326000
49250000
6848000
7616000
48986000
6382000
6210000
46771000
7545000
9136000
50589000
6931000
7707000
44061000
2056000
2265000
41870000
2380000
2249000
43181000
2418000
2292000
43651000
1889000
2172000
44387000
3141000
4527000
49134000
6616000
7878000
49636000
6679000
7538000
49797000
4203000
5174000
44589000
13557000
7874000
45235000
6512000
6659000
49259000
5787000
5366000
48979000
7196000
6711000
45265000
5751000
2676000
46766000
2346000
3105000
47673000
3562000
7169000
44389000
4385000
6692000
47951000
3578000
8267000
49508000
10289000
6473000
46991000
6292000
8037000
51822000
5110000
7945000
50381000
7240000
8484000
45681000
6529000
7959000
47462000
22934000
7459000
50022000
7346000
6431000
48179000
4756000
6868000
45922000
7302000
7301000
49711000
4824000
7732000
49815000
7109000
6836000
46196000
6936000
7448000
44699000
2976000
5087000
47833000
7584000
8680000
45335000
7679000
7514000
50126000
6125000
9603000
44992000
4197000
6529000
45030000
7168000
6972000
50684000
7060000
5885000
48259000
7009000
6826000
47661000
4679000
6336000
49832000
7350000
8489000
51402000
7108000
7796000
49184000
5753000
6927000
46538000
7587000
7937000
51130000
6917000
7207000
46886000
6931000
5662000
45785000
7409000
8247000
46354000
6367000
8024000
46983000
7098000
7457000
45274000
5598000
6373000
44808000
7268000
7401000
49200000
5924000
7835000
45710000
7144000
6618000
46151000
5863000
8716000
46319000
6462000
7699000
46404000
6651000
9528000
47879000
2991000
3378000
45938000
7184000
8679000
48250000
6470000
8650000
49176000
6307000
7622000
51896000
5475000
4232000
45562000
6275000
7612000
45572000
6969000
6855000
46658000
6722000
7594000
46785000
5015000
6999000
48634000
7967000
7299000
46585000
5570000
7504000
48067000
6304000
4940000
44851000
7075000
8200000
46536000
7812000
6999000
49959000
6834000
9033000
45999000
5258000
5384000
45348000
5925000
7132000
45304000
6491000
7387000
49738000
5663000
6768000
50012000
7611000
7107000
46680000
6643000
7567000
50773000
5920000
6814000
48762000
6202000
5535000
46282000
5326000
8351000
48465000
9485000
6245000
45831000
6919000
12152000
47970000
6553000
8752000
48233000
4021000
8051000
50038000
6385000
7586000
50029000
6117000
4704000
45699000
7332000
5970000
49186000
3807000
5026000
45483000
6231000
5852000
50812000
6232000
5448000
50282000
7244000
6837000
49503000
6753000
7319000
48049000
6584000
6223000
48582000
7156000
8462000
49735000
7810000
7292000
50889000
8083000
7634000
45833000
7030000
8065000
46137000
7673000
8672000
46691000
7160000
8405000
50807000
5595000
8361000
46618000
8019000
6927000
49679000
6946000
7164000
51214000
6022000
6761000
44610000
7486000
7090000
50656000
7716000
7235000
49977000
7485000
8068000
45736000
7320000
8095000
46910000
6818000
8573000
46627000
6922000
8693000
44783000
7496000
6297000
47396000
8100000
9390000
50288000
6206000
8175000
48566000
4405000
7794000
45779000
7264000
7289000
46590000
6182000
8757000
47711000
4938000
7567000
46011000
8055000
8183000
44940000
2639000
3646000
49334000
6907000
7730000
50879000
5539000
6888000
46328000
6123000
7178000
50625000
7590000
7856000
44894000
7694000
6654000
47108000
6535000
7531000
42474000
2029000
2171000
46984000
2574000
4099000
45729000
6230000
6926000
47390000
6311000
5659000
46287000
6059000
6946000
46695000
7099000
7261000
46818000
7125000
8310000
48454000
4668000
7593000
45907000
8960000
7560000
48576000
4708000
7675000
45838000
4313000
6961000
48285000
4743000
6301000
49523000
6674000
7131000
46720000
5340000
7520000
51179000
5052000
5758000
49655000
5281000
5566000
49181000
7641000
5695000
47045000
9619000
7158000
46299000
4304000
5558000
45893000
6272000
5633000
49203000
7002000
7376000
48331000
5176000
6144000
46775000
6626000
7852000
50810000
5331000
7694000
44592000
3104000
4245000
51039000
7925000
7652000
47475000
8915000
9467000
49505000
6319000
6092000
49363000
8015000
5936000
46476000
6465000
6840000
50032000
9418000
5182000
45034000
8723000
7418000
45058000
7222000
6865000
46241000
5782000
8448000
46983000
4626000
6753000
45980000
7412000
7442000
46112000
5838000
7369000
49629000
6448000
4453000
44720000
6780000
6619000
45781000
7966000
8018000
50282000
7377000
7967000
47084000
5033000
5318000
48313000
7849000
6984000
48425000
7225000
7817000
49076000
7310000
5628000
49110000
6250000
6410000
45111000
6349000
7057000
50415000
6396000
7899000
49618000
6025000
5999000
47172000
5268000
8175000
50568000
7503000
8101000
47136000
6392000
8542000
45838000
5963000
5821000
46081000
7447000
7151000
45725000
4453000
3131000
43679000
7082000
6557000
45390000
4833000
6817000
44566000
7598000
7062000
49142000
6921000
7159000
45683000
7228000
5721000
44585000
5532000
7403000
49840000
8117000
8369000
47966000
6663000
9869000
48247000
6334000
6748000
49104000
7903000
6721000
48650000
7139000
6775000
46875000
6910000
5464000
45639000
6795000
7078000
48524000
6610000
6933000
49573000
6552000
9705000
49893000
4949000
7890000
46492000
8406000
7549000
46003000
6587000
6922000
49429000
7217000
8139000
49178000
4672000
8193000
50297000
7138000
7929000
45640000
6197000
6972000
49953000
6099000
4685000
48814000
9533000
5443000
45450000
6786000
6907000
50707000
7135000
6675000
48743000
7259000
6447000
44662000
6958000
7641000
49996000
6782000
7789000
47556000
5242000
9731000
47149000
3619000
5396000
51143000
7461000
8053000
46003000
7426000
6507000
50298000
7493000
7033000
44735000
7285000
7261000
47662000
7324000
6955000
47442000
5242000
5003000
46759000
6630000
6779000
45650000
7235000
6913000
45908000
6849000
7027000
45306000
7603000
6524000
46025000
6875000
6690000
45881000
7471000
6396000
46186000
4106000
5835000
50270000
6165000
6395000
49902000
7125000
6986000
47114000
6668000
6042000
46640000
6671000
7685000
50634000
6075000
8721000
48193000
7329000
7321000
47129000
5209000
7312000
46375000
5542000
7135000
46258000
6118000
7507000
47627000
10140000
3615000
42574000
1950000
2048000
45346000
3807000
4889000
48329000
8083000
8886000
45663000
3140000
6943000
48423000
5348000
5273000
46627000
5792000
6531000
46448000
3184000
3229000
45875000
3459000
5783000
49090000
6769000
4956000
48475000
5365000
6301000
48268000
4681000
7522000
50915000
3254000
6229000
50004000
5936000
9410000
51090000
6368000
7936000
51058000
7103000
7340000
49889000
4591000
7404000
46402000
10589000
7123000
48774000
6759000
7263000
50601000
5993000
5806000
48623000
5007000
8336000
47563000
6569000
7815000
47530000
6811000
7450000
47575000
4314000
7557000
49678000
7826000
8327000
46063000
6590000
7529000
50339000
5601000
6629000
46613000
8088000
7173000
50562000
6696000
7454000
51571000
5579000
4833000
49221000
7148000
6183000
51096000
9049000
8200000
46486000
5987000
7739000
49339000
4004000
6428000
50629000
6656000
8044000
48322000
7175000
8521000
47122000
5975000
4394000
49773000
7837000
6783000
50296000
1987000
2184000
45381000
5013000
6925000
47126000
7130000
5950000
48130000
5499000
7955000
50673000
6430000
8343000
47295000
7027000
10605000
50853000
6220000
5194000
47328000
6250000
7770000
49629000
6699000
7398000
49787000
6276000
7232000
48153000
5867000
6829000
46099000
6945000
7212000
45753000
6703000
7115000
46379000
5407000
5506000
45960000
5588000
6277000
47886000
6653000
7667000
47534000
5858000
8320000
46424000
5364000
6027000
45831000
7141000
7596000
45686000
6492000
7394000
46318000
7050000
5499000
48814000
5906000
6128000
49002000
7410000
7056000
46812000
6484000
9330000
44935000
5584000
5008000
44521000
7581000
7578000
48211000
6708000
7088000
44706000
8120000
6221000
46762000
6601000
8657000
45553000
8231000
7796000
45146000
4590000
3473000
44960000
4603000
5920000
49015000
6164000
6294000
46554000
4165000
9018000
51056000
6962000
8674000
46488000
5524000
7012000
49570000
8440000
8072000
48010000
7290000
9856000
50983000
6269000
7701000
50106000
7096000
7825000
49772000
6623000
7596000
51213000
6719000
6268000
47036000
7229000
8619000
48021000
6235000
8237000
46085000
6872000
8286000
49404000
7164000
9404000
49954000
8352000
7970000
47669000
6542000
8009000
50140000
5434000
6435000
47017000
8065000
17884000
46609000
2723000
3715000
49981000
6518000
7538000
46274000
5151000
4906000
45485000
9056000
20656000
42400000
2310000
2922000
44093000
5081000
7824000
46726000
6096000
5798000
47035000
7962000
7709000
49337000
7254000
7634000
47909000
6953000
8114000
45695000
4742000
5618000
44132000
3293000
5126000
46516000
7513000
7846000
45327000
7955000
7619000
48861000
5388000
7397000
45845000
5847000
8851000
46168000
6263000
6519000
49532000
7383000
6884000
46026000
4522000
6499000
47225000
7088000
7527000
46162000
7012000
10150000
41771000
2002000
2287000
46971000
3021000
5081000
48864000
7582000
7726000
50323000
6840000
6968000
48043000
5272000
5354000
45229000
7412000
7633000
47183000
7067000
7279000
50190000
7525000
7531000
47920000
4957000
7937000
50375000
6423000
7198000
48889000
6273000
7268000
47140000
5072000
4679000
48868000
9597000
8284000
44431000
6315000
6857000
50009000
4580000
8471000
49362000
7230000
7878000
47672000
6798000
6745000
50513000
7388000
7126000
46346000
8256000
5633000
49358000
6839000
8467000
50394000
5936000
2866000
45777000
4985000
7827000
48495000
12532000
6490000
47454000
6673000
7603000
51477000
6510000
7260000
51057000
6449000
7883000
46626000
5012000
5852000
49794000
6568000
7831000
51424000
7058000
7282000
47892000
7008000
10048000
42835000
2492000
2097000
42213000
3313000
1883000
43674000
2086000
13544000
41247000
2127000
1793000
47865000
3509000
4794000
45466000
7299000
5224000
46070000
6913000
8603000
46918000
7248000
7256000
45733000
7503000
7072000
45225000
6709000
6541000
45310000
7058000
6800000
47203000
7802000
6964000
48551000
5650000
4054000
49086000
4492000
9675000
51677000
6740000
8691000
48708000
6781000
9372000
49243000
4540000
6226000
45207000
8097000
9315000
51388000
7140000
7784000
50788000
6556000
6569000
48668000
5328000
7286000
47427000
2899000
5750000
46388000
6673000
7167000
47965000
5199000
5183000
49327000
8220000
7801000
45178000
7854000
6890000
46903000
5908000
6616000
44420000
3195000
7972000
46728000
7499000
8269000
45791000
6948000
7184000
47094000
7288000
5677000
47717000
4897000
6975000
48147000
7223000
7099000
46777000
4935000
7164000
50116000
8184000
7590000
48806000
7285000
7065000
50085000
5830000
7613000
48255000
7121000
7970000
48249000
6935000
7452000
50598000
7321000
7191000
49113000
7903000
7179000
49444000
7219000
8090000
49182000
5877000
5727000
49595000
7828000
8200000
50247000
5958000
8362000
47641000
8739000
6491000
49656000
4344000
5677000
47030000
7230000
7958000
50162000
7549000
13633000
47049000
5144000
5726000
49780000
10200000
7100000
50216000
5333000
4031000
45522000
6230000
9206000
50186000
5073000
6998000
48075000
6469000
7189000
50036000
6773000
7084000
46125000
7895000
6549000
46231000
6402000
5959000
49002000
6980000
7885000
49376000
6197000
6712000
46231000
6136000
5824000
47328000
7346000
7514000
44865000
6829000
7889000
45470000
6806000
6969000
48414000
4253000
8302000
46790000
7476000
8069000
48906000
6053000
6554000
46239000
4199000
4837000
48213000
8972000
6980000
49262000
5943000
7488000
47431000
7274000
5819000
47241000
5451000
5939000
44562000
7651000
6524000
46181000
6397000
7150000
46683000
5857000
5412000
47152000
6003000
5537000
48967000
6767000
7138000
47190000
7088000
11918000
42117000
2311000
2046000
46576000
3454000
3351000
44730000
6773000
6820000
50727000
7452000
8235000
47357000
3262000
4496000
47530000
7020000
8459000
50984000
6610000
7527000
49421000
6356000
7193000
46683000
5729000
5174000
49109000
7301000
8521000
49022000
7091000
6833000
50176000
7216000
7519000
45702000
4738000
6100000
46414000
7610000
7087000
48670000
6605000
8776000
45186000
6693000
6489000
46979000
4381000
6913000
53231000
6653000
7602000
50575000
6965000
7062000
49830000
5461000
5530000
46059000
7402000
7520000
50338000
7662000
7540000
48269000
7293000
7077000
49778000
4710000
9324000
45236000
6694000
7571000
50251000
6119000
7212000
50059000
6435000
5732000
46260000
6245000
7202000
45804000
4431000
6884000
45829000
6837000
8108000
45147000
8657000
8357000
45407000
6980000
7899000
48246000
6285000
8005000
45894000
6420000
10359000
49357000
5143000
3392000
43159000
3783000
7034000
46655000
7090000
6184000
47237000
5951000
6713000
47970000
5440000
7080000
47969000
9124000
7571000
45169000
5307000
4636000
45475000
5388000
10426000
51008000
6851000
7047000
47358000
6661000
8186000
47741000
4407000
6726000
44982000
7965000
6626000
46234000
7195000
6530000
50054000
6625000
6196000
46339000
6893000
8159000
48088000
6929000
7170000
46787000
6983000
8479000
50657000
4306000
5259000
45185000
7903000
6493000
47765000
6798000
5428000
50438000
6988000
7601000
45398000
5244000
7070000
45690000
7194000
6905000
47514000
7338000
7298000
46668000
6509000
5387000
46773000
7727000
7824000
47020000
7158000
7341000
48388000
6291000
7683000
49802000
3465000
5670000
47291000
6529000
5300000
50168000
5884000
3766000
43613000
3102000
3330000
45072000
3987000
4061000
49923000
6580000
4773000
45885000
4579000
4632000
46538000
5579000
4317000
48532000
3671000
7616000
45331000
5820000
6311000
46841000
5544000
4265000
47097000
4459000
5849000
45354000
6119000
7813000
48296000
7420000
7297000
48886000
7012000
6709000
48794000
7164000
8491000
47859000
6737000
7221000
50429000
6054000
7616000
47116000
5891000
6974000
47684000
6853000
7336000
48077000
5983000
7339000
51968000
7441000
6130000
51479000
8925000
12087000
46199000
6368000
7909000
51352000
6755000
6788000
47960000
8535000
7645000
50548000
6112000
6997000
49931000
6800000
6992000
47051000
5808000
9205000
47356000
7603000
7837000
50516000
6232000
7294000
46377000
8262000
6064000
50085000
8469000
8400000
49527000
6758000
2643000
44315000
3857000
7837000
50558000
7090000
5866000
44446000
5195000
5695000
46604000
6748000
7935000
45765000
6515000
6663000
48204000
6878000
7550000
45924000
5817000
8255000
46445000
7833000
7225000
49299000
8087000
7172000
46290000
5819000
9199000
45970000
7439000
6670000
48203000
11404000
7484000
50435000
7227000
6523000
41877000
2119000
2027000
47479000
2871000
5029000
46862000
8577000
7606000
46995000
6283000
8609000
45721000
4697000
7272000
47187000
6573000
7593000
47897000
6503000
7673000
48635000
5100000
6589000
48519000
7902000
7346000
44767000
7200000
7746000
45636000
7150000
5912000
44734000
5162000
5500000
43819000
6065000
7419000
45965000
7400000
7445000
46915000
6918000
5209000
46182000
6836000
11956000
44837000
7069000
6741000
43251000
2968000
5337000
44351000
4403000
6814000
44048000
9785000
7707000
46879000
7362000
6907000
48785000
7505000
4411000
49913000
8591000
8708000
45154000
7366000
7420000
49356000
6832000
7100000
47048000
4320000
4953000
44988000
5895000
8283000
48823000
6978000
8273000
51014000
6667000
6975000
48469000
5899000
7821000
47640000
7704000
8512000
50293000
7419000
7750000
49898000
6365000
4957000
49742000
7713000
7875000
44720000
7162000
7329000
47022000
6553000
7438000
50121000
6314000
7405000
46786000
7371000
7986000
48320000
5974000
7509000
50959000
5493000
7185000
44786000
7614000
7479000
48698000
5115000
6939000
49311000
6532000
7678000
45924000
6232000
8631000
50798000
6861000
8268000
45205000
6654000
9222000
48982000
5677000
6373000
49518000
6988000
3475000
45981000
7359000
7791000
49888000
6409000
7563000
50644000
6707000
8238000
47050000
7873000
7475000
45018000
7026000
5200000
46736000
7223000
9036000
45791000
4266000
6038000
45240000
5100000
7111000
48153000
4814000
5593000
48650000
4548000
7015000
45522000
7031000
6160000
48585000
5132000
7490000
45615000
5231000
5803000
50521000
4049000
4616000
50353000
5352000
5643000
45700000
5413000
7546000
50128000
4067000
6326000
49584000
7906000
7665000
48100000
6299000
7202000
51822000
6236000
6451000
46838000
5140000
8422000
49306000
6106000
7199000
49820000
6294000
8681000
46721000
5541000
5509000
50009000
7746000
8648000
48882000
6456000
7019000
49221000
5102000
7309000
50966000
7390000
7578000
49344000
6650000
7584000
50846000
6842000
9420000
44898000
3205000
4257000
47974000
7575000
8378000
49737000
6335000
7170000
47811000
7045000
5025000
48030000
6708000
7994000
47175000
6840000
7566000
51705000
7281000
7483000
48631000
5295000
6007000
44762000
8819000
7071000
45568000
6437000
7278000
46066000
6182000
5989000
48317000
7405000
8196000
50759000
6323000
6224000
50003000
7567000
7445000
47791000
4659000
6467000
48964000
7520000
7928000
47100000
7419000
7376000
45972000
6863000
6991000
46550000
4559000
7050000
46714000
8194000
8653000
48660000
6253000
7605000
45586000
4202000
4913000
43939000
8814000
7956000
45770000
7136000
8349000
44999000
6565000
6692000
47608000
4264000
8011000
47432000
6452000
7108000
45264000
6809000
7790000
46078000
6979000
7924000
49782000
4349000
10564000
45689000
6381000
2487000
42611000
1796000
2553000
42909000
4342000
5611000
46646000
9712000
5053000
44947000
7644000
7954000
47810000
6276000
8241000
45495000
6389000
4890000
49421000
4564000
5218000
49590000
6530000
6972000
47891000
7382000
7086000
50018000
6411000
5887000
44231000
5288000
5886000
49359000
7338000
9269000
50342000
7273000
7022000
46574000
5810000
4744000
45290000
6276000
7030000
45780000
6853000
7896000
49746000
6386000
7533000
49749000
5938000
6563000
49922000
8628000
7347000
46891000
6923000
7367000
50398000
6834000
5780000
47463000
4826000
6431000
50530000
6145000
7334000
46236000
6739000
6373000
50671000
5747000
5465000
44386000
6854000
8306000
46189000
7267000
7576000
46097000
7411000
6382000
45643000
5642000
6768000
49403000
7754000
7453000
50661000
2285000
2427000
43249000
2957000
4679000
48499000
7140000
6328000
49377000
4939000
9174000
49219000
6582000
7378000
50699000
6939000
6930000
46897000
5553000
6048000
49605000
6139000
7869000
50524000
6980000
7496000
50338000
6338000
6640000
47608000
4370000
7867000
46895000
7311000
7129000
48439000
6698000
6862000
50028000
6773000
6878000
47676000
4412000
6218000
50183000
7475000
7598000
46331000
7378000
8966000
47456000
5026000
4009000
47604000
4547000
4592000
51370000
5513000
5387000
47202000
4004000
5959000
48584000
3641000
6108000
50563000
5974000
6888000
49133000
4062000
5119000
45371000
5498000
5944000
45716000
5130000
5200000
43882000
4456000
3640000
45024000
3261000
5037000
48388000
6868000
6720000
47952000
6674000
5620000
44590000
6037000
7002000
48017000
5171000
5838000
46156000
3821000
5446000
46998000
6477000
5565000
51552000
6313000
4347000
45304000
5906000
7341000
47300000
6712000
4620000
45735000
5060000
5077000
46443000
5559000
5184000
48036000
5883000
6003000
49399000
3449000
5613000
50764000
5750000
4459000
50575000
5936000
2773000
42330000
2338000
2832000
46457000
3624000
2602000
41592000
2455000
2261000
42019000
2026000
1995000
46862000
3481000
4437000
46461000
5633000
6894000
46673000
3553000
6378000
51251000
3556000
4972000
50470000
3412000
5535000
46992000
4095000
7084000
48834000
4979000
6216000
47714000
4845000
5481000
46652000
4758000
4365000
45977000
3633000
6407000
44151000
4202000
4245000
47038000
6551000
4691000
49270000
5175000
4012000
43663000
3554000
3458000
47941000
3817000
5029000
47484000
5042000
4629000
42640000
4641000
3704000
48381000
4216000
5184000
50390000
4274000
5410000
44052000
6209000
5820000
49520000
5714000
4305000
48666000
4460000
6496000
48387000
4549000
4765000
45869000
4773000
6305000
46476000
6030000
6409000
48599000
3481000
5398000
49244000
6045000
4810000
48023000
5844000
6696000
46112000
4951000
6757000
48338000
3267000
6819000
49549000
4059000
8605000
41680000
1503000
2037000
47509000
4831000
6934000
48122000
8113000
9467000
47376000
4802000
3447000
46029000
5883000
6208000
48551000
3801000
7517000
48119000
3286000
6873000
45396000
4260000
5246000
50199000
5922000
6916000
49604000
7155000
5332000
48020000
5087000
7782000
47620000
4450000
5944000
46420000
7537000
8036000
50631000
6646000
7692000
50936000
8140000
3346000
47282000
3596000
9827000
48300000
10616000
7221000
45952000
6177000
8714000
50323000
5605000
5241000
50162000
8833000
6323000
45708000
7378000
6635000
48962000
6654000
5529000
44422000
6566000
6488000
46582000
7033000
7078000
50340000
6921000
7144000
49253000
7610000
5350000
49284000
8248000
7152000
49697000
7388000
7063000
49674000
6299000
7275000
45440000
4979000
5278000
44691000
8116000
6631000
45059000
7040000
6817000
45943000
8068000
6366000
45257000
10244000
8099000
46735000
7833000
7813000
47740000
7088000
6601000
49905000
4595000
6668000
45983000
8417000
7496000
47021000
6516000
6864000
47485000
6819000
6257000
46654000
4870000
7850000
47666000
7303000
7226000
48180000
6798000
7000000
48563000
5930000
5444000
47573000
7241000
6514000
43585000
2957000
4329000
44402000
5814000
6972000
47064000
6713000
5129000
46595000
4922000
8033000
48955000
7622000
7419000
49321000
6187000
8050000
48353000
6291000
6551000
45985000
8381000
7059000
45755000
6947000
7246000
47436000
6700000
7113000
47229000
4542000
5674000
48178000
7899000
7169000
48182000
6672000
7928000
49964000
5938000
6787000
49854000
8679000
8355000
46480000
6874000
6997000
50781000
6566000
7485000
50009000
6759000
8541000
44722000
7627000
7025000
45895000
6332000
7669000
49693000
5237000
5411000
49215000
5797000
6595000
50939000
6601000
7558000
47863000
6513000
7637000
47047000
5090000
8294000
45431000
4365000
6739000
47597000
6453000
7101000
48664000
7033000
5687000
47278000
6804000
6809000
45671000
8394000
7187000
46501000
7227000
4690000
43066000
3865000
5451000
45300000
4507000
7050000
45232000
7320000
7545000
49847000
6322000
8609000
45903000
5233000
7212000
44554000
7683000
7785000
45963000
6481000
6954000
47295000
5916000
4876000
45882000
4481000
9203000
46922000
6629000
8863000
46495000
7339000
7221000
47876000
4481000
6199000
47424000
7557000
7282000
46591000
6578000
7055000
45783000
7814000
7446000
48309000
6051000
6520000
48596000
7573000
7745000
48255000
4488000
6907000
46695000
4782000
5139000
48193000
5462000
6686000
50662000
9978000
7654000
49061000
6338000
8244000
48475000
4525000
8280000
45411000
7102000
9021000
49305000
7088000
7226000
47364000
5032000
5360000
47702000
8411000
8903000
47967000
7255000
8120000
49846000
6919000
7853000
49916000
5367000
7389000
49228000
3284000
4224000
48854000
7860000
7291000
46314000
4971000
4950000
42603000
2035000
1532000
46942000
2694000
3195000
44656000
8220000
7771000
50002000
7231000
7041000
47456000
8031000
6069000
47427000
9352000
6947000
45966000
8599000
6992000
49960000
8431000
4226000
47830000
6561000
8387000
46685000
6841000
6781000
50932000
4174000
4329000
48941000
4769000
5400000
45800000
5285000
5510000
46149000
8795000
5762000
47732000
4830000
5860000
50787000
4163000
5066000
44831000
8509000
4936000
48635000
8788000
7542000
48582000
4508000
4996000
49649000
5147000
8074000
48273000
5012000
14889000
46592000
5322000
11117000
52350000
4681000
6474000
45421000
9187000
7230000
50303000
9764000
8905000
47715000
10564000
6383000
45980000
7635000
9160000
47565000
8746000
4193000
46885000
4198000
10316000
49528000
4796000
3895000
47985000
6185000
5030000
47144000
3764000
9826000
48200000
4286000
5592000
47129000
5730000
4806000
46706000
5518000
4736000
48506000
8682000
13410000
44916000
15988000
10317000
46199000
4441000
7430000
46427000
4808000
4124000
45310000
12821000
4634000
45108000
4271000
3728000
47053000
5976000
5767000
47192000
5214000
6269000
45382000
6264000
4769000
47772000
3905000
8938000
49354000
3770000
4598000
44355000
4359000
4734000
46909000
6612000
7809000
45094000
5397000
7594000
48512000
4742000
6681000
46664000
5177000
5493000
45006000
4886000
5160000
49309000
5052000
5944000
44691000
8390000
3808000
45882000
6484000
8117000
46160000
4510000
5417000
49516000
6325000
3678000
45569000
4952000
5795000
48037000
3552000
2219000
47849000
5303000
5256000
44855000
4379000
5048000
49856000
5273000
4862000
46818000
5347000
5499000
46324000
3936000
5954000
47109000
6511000
9032000
47144000
6119000
6902000
47435000
4349000
6810000
45981000
5277000
8002000
46962000
6325000
4538000
44113000
6632000
4364000
44557000
4197000
4667000
45884000
4638000
4017000
44383000
5426000
4569000
44980000
4518000
7195000
45489000
6361000
6678000
45237000
4023000
7237000
44766000
6226000
5570000
48365000
3394000
6628000
45472000
4878000
5540000
46482000
5812000
6064000
48190000
4983000
4752000
46409000
4722000
8324000
46104000
4870000
4763000
45184000
8831000
8523000
49122000
6926000
7323000
49148000
5973000
6151000
48383000
8026000
8528000
46409000
8220000
7548000
48243000
6311000
7331000
44818000
7417000
2553000
46486000
2321000
3602000
44556000
7103000
5320000
50132000
7048000
7992000
49262000
4946000
6677000
47731000
9097000
7383000
46464000
4741000
5261000
49515000
3784000
4829000
44701000
5693000
5017000
50600000
7537000
6885000
51448000
3481000
6672000
44684000
5210000
5843000
47933000
7735000
5771000
49786000
6948000
7988000
47851000
7397000
8474000
49573000
3981000
5094000
47438000
3934000
9980000
47123000
7790000
5443000
49230000
7782000
3330000
41744000
2105000
2445000
47714000
4435000
5258000
49166000
4114000
5246000
48721000
6986000
7730000
48211000
4338000
4418000
44653000
5272000
7285000
47534000
4535000
5324000
46232000
5279000
6458000
46922000
6067000
5840000
47536000
5507000
5983000
46524000
3353000
5023000
47168000
7137000
8790000
47963000
2600000
3102000
47248000
6231000
7610000
46335000
7009000
6631000
46288000
6351000
6680000
46558000
7214000
5559000
49633000
8402000
7401000
47169000
6901000
7962000
49704000
6072000
5579000
45365000
4886000
7737000
45557000
6718000
7942000
46646000
7183000
8362000
47554000
6041000
6693000
49554000
7308000
8182000
48349000
7201000
7698000
46520000
8148000
5981000
49510000
4727000
8388000
49425000
6236000
7415000
49467000
6979000
7992000
45862000
6091000
4603000
49999000
8458000
8110000
50881000
6721000
7721000
47477000
6172000
7569000
46785000
6090000
7839000
45406000
7678000
10124000
47592000
5231000
7503000
50828000
5784000
6137000
50657000
7866000
7984000
45259000
6706000
6577000
47562000
7059000
5931000
49054000
7339000
8405000
49684000
5479000
3431000
44374000
4310000
7238000
47273000
5747000
5401000
44881000
7573000
7121000
50260000
6334000
6905000
52011000
7598000
7188000
47996000
4950000
9113000
50153000
7147000
8702000
46019000
7043000
10030000
45833000
4565000
8255000
47096000
7072000
8032000
50297000
6892000
7426000
47922000
6647000
7417000
47461000
7745000
8114000
47364000
6892000
8419000
45988000
5454000
5506000
49436000
7724000
8434000
48393000
7563000
6820000
48256000
6898000
8729000
51167000
5187000
8036000
49997000
7109000
7959000
48132000
6414000
7000000
50248000
7802000
5893000
46748000
4625000
8585000
51420000
7957000
7397000
50977000
6579000
9092000
48263000
5285000
7765000
50310000
7488000
5919000
48732000
6903000
8719000
50225000
6798000
6318000
46415000
7372000
7822000
45273000
3997000
4461000
49345000
7430000
5602000
48761000
5666000
5383000
49154000
6400000
5905000
47514000
7398000
7846000
46867000
6528000
7781000
48698000
5112000
7030000
45882000
7694000
7030000
50336000
9449000
8558000
48816000
6181000
6663000
50277000
4214000
4918000
45434000
8166000
6753000
50313000
6652000
7609000
48084000
6611000
5988000
46401000
4660000
6100000
46682000
8465000
7075000
48464000
6428000
6959000
50056000
6541000
5902000
47622000
5464000
8196000
49202000
6475000
8144000
46230000
6599000
6958000
46025000
5999000
5675000
49559000
4952000
7265000
48966000
7292000
8086000
50228000
6811000
7676000
49024000
3653000
6842000
44886000
7636000
7656000
46629000
6427000
7029000
51492000
8029000
6700000
50683000
9271000
8316000
45665000
5523000
3756000
45217000
7802000
7266000
47026000
4331000
4915000
49353000
7571000
6733000
48379000
8750000
3184000
41814000
2369000
2144000
44554000
4387000
10803000
48652000
6818000
7982000
48963000
6761000
7450000
47327000
7068000
7273000
51670000
5227000
6599000
48426000
6379000
7158000
48727000
7938000
6172000
47253000
5042000
5401000
44995000
7707000
4406000
41977000
2630000
2586000
42108000
1858000
2770000
42356000
1803000
2066000
46420000
2134000
2744000
48448000
5373000
6258000
46617000
6318000
7969000
47878000
7564000
6587000
50225000
6567000
6970000
47534000
4040000
6121000
49106000
5897000
7796000
48091000
5116000
7932000
47418000
6984000
6483000
47513000
4331000
6399000
44816000
7496000
8427000
47012000
5198000
7023000
45707000
7321000
5335000
44496000
9393000
2319000
45736000
3400000
4503000
49904000
7845000
7978000
46227000
6495000
5867000
46793000
6056000
6111000
46080000
8006000
7789000
48309000
6644000
3114000
49751000
6843000
6853000
48543000
3838000
7121000
49802000
6567000
8347000
45903000
6776000
7286000
49041000
5568000
8210000
46060000
7215000
7234000
47632000
6194000
7744000
46035000
6151000
7469000
46305000
5071000
4951000
46333000
5597000
6554000
45491000
6941000
7532000
45045000
6376000
7429000
45076000
6465000
6144000
45066000
6795000
6223000
49454000
6906000
7353000
48331000
7322000
6820000
45426000
6525000
5575000
46910000
6648000
5674000
47752000
7711000
9454000
45791000
6313000
7134000
50048000
6742000
5805000
43981000
7943000
7585000
45526000
6859000
8019000
46919000
8010000
8371000
44659000
3460000
4869000
45395000
6584000
7526000
47438000
6777000
6424000
46893000
7122000
5791000
47019000
4095000
5862000
45911000
5857000
7481000
51282000
6737000
7251000
46400000
7971000
5841000
46289000
5702000
6860000
45966000
8355000
8096000
49698000
7231000
7337000
46234000
5480000
6151000
44959000
5299000
8050000
45541000
7932000
8385000
50818000
6251000
8197000
46860000
6907000
5002000
44997000
7803000
5980000
50252000
7486000
7276000
47114000
6961000
7185000
50694000
6036000
5070000
47887000
6145000
7012000
46995000
6661000
6943000
51034000
6555000
6536000
44495000
5901000
8280000
48128000
6018000
9213000
47305000
6322000
7766000
47642000
5227000
4525000
45683000
4773000
6861000
50421000
6119000
7754000
47139000
7004000
6792000
48737000
8372000
3393000
44401000
5688000
8661000
45700000
5067000
5192000
49765000
6937000
6939000
47884000
6794000
4937000
48231000
5494000
8189000
49682000
7235000
8570000
45411000
7257000
8032000
45622000
5589000
4934000
47260000
7607000
6900000
50089000
6461000
6627000
46951000
6455000
6307000
49795000
3717000
6711000
45041000
6130000
7458000
49852000
6764000
8065000
48508000
6771000
5648000
45739000
6918000
7857000
47225000
7327000
7736000
50119000
7295000
7251000
46520000
4557000
5430000
46983000
7607000
6215000
45068000
4207000
4402000
41276000
1743000
2291000
45298000
4027000
6075000
46151000
4513000
5153000
48548000
7321000
6698000
45733000
6795000
7639000
44804000
6203000
8117000
48763000
6542000
6143000
49643000
7833000
7264000
47062000
6690000
7993000
50502000
3513000
3139000
45615000
8016000
8060000
47350000
7780000
7163000
46630000
6899000
6595000
45604000
5729000
8401000
49498000
7361000
7074000
45091000
6491000
7105000
50103000
5434000
6807000
49150000
6234000
7941000
46922000
7384000
6894000
46427000
6616000
4395000
47821000
3918000
9130000
50084000
6466000
7687000
50362000
6783000
8356000
49764000
4240000
5202000
48612000
6095000
8275000
46521000
7147000
8481000
49738000
6938000
7053000
47523000
4616000
5438000
44653000
6713000
6416000
47600000
7228000
7666000
46716000
7604000
4464000
48554000
8410000
5536000
47137000
6640000
9207000
46529000
5100000
6940000
49604000
4164000
5930000
45337000
7625000
7443000
45385000
6348000
7030000
50215000
7620000
5741000
44723000
7978000
7114000
48072000
7165000
4471000
44912000
3850000
8331000
49994000
6689000
5636000
43942000
9115000
7282000
47755000
6809000
7370000
50403000
7330000
5453000
46674000
5370000
9398000
45293000
7338000
7648000
49739000
6036000
7629000
45994000
4885000
5218000
49379000
5135000
8011000
47926000
6843000
7445000
46187000
7210000
6693000
45603000
4281000
7783000
44604000
4503000
7229000
48889000
7010000
7443000
50276000
6648000
7090000
45496000
6944000
7905000
46689000
6794000
9146000
47474000
6207000
7316000
48847000
4170000
5371000
47484000
5519000
7114000
48156000
3527000
6588000
50400000
6419000
6114000
48555000
6302000
4065000
45014000
5134000
5883000
48883000
4818000
5946000
49242000
5095000
6310000
46681000
3530000
8977000
49137000
4833000
6932000
49263000
6812000
6029000
45207000
2987000
3434000
44982000
4914000
6466000
47126000
3575000
7014000
47146000
7115000
5430000
50283000
5477000
7434000
47756000
7309000
9147000
46847000
6960000
7755000
50323000
5782000
5487000
50604000
5343000
7720000
50261000
6945000
7923000
47496000
7234000
5720000
48679000
6288000
8610000
47313000
7622000
8532000
51977000
7192000
7459000
49970000
9610000
8494000
48137000
6419000
7579000
51292000
6300000
8422000
46205000
6827000
8045000
51959000
6477000
7308000
48280000
7060000
9883000
50248000
5863000
7582000
44716000
8458000
9685000
49427000
7565000
7844000
47842000
5688000
6770000
45030000
5126000
7750000
48187000
6886000
7988000
47883000
5902000
5583000
45980000
4578000
9373000
47326000
6520000
9144000
49725000
5852000
8391000
51429000
5543000
3571000
43520000
5145000
8074000
47316000
6986000
7637000
49446000
6274000
7942000
48356000
4284000
8492000
46841000
5869000
6774000
46559000
6734000
7161000
45737000
7975000
3628000
41594000
1844000
2026000
45840000
4096000
6592000
44885000
7429000
7515000
49832000
6830000
7861000
47842000
6621000
5887000
45409000
4661000
10394000
48319000
6863000
7783000
47980000
6897000
7385000
49283000
4265000
6556000
50544000
8688000
7619000
46849000
6590000
7304000
50940000
6317000
6502000
46779000
5015000
8288000
47142000
9421000
7221000
48164000
6473000
7764000
50494000
6881000
8312000
45408000
5154000
5961000
50657000
5182000
5975000
50180000
7353000
8269000
50865000
6894000
5829000
46325000
4693000
8481000
48768000
7933000
8119000
50883000
7106000
8280000
46533000
3529000
3341000
46578000
7258000
8096000
46778000
6459000
6923000
45526000
7422000
7091000
49228000
5677000
6150000
44988000
8019000
7319000
46875000
7695000
7521000
46816000
5701000
6659000
50250000
4398000
6017000
46822000
7587000
7286000
47206000
6410000
7005000
45929000
7130000
6219000
45661000
6941000
6511000
45618000
7606000
6801000
45211000
7031000
6973000
51156000
7301000
5495000
45358000
6837000
7887000
49884000
7320000
8115000
49381000
6296000
7303000
45511000
5817000
5449000
48665000
7514000
8154000
47253000
7241000
6921000
46729000
6562000
6942000
49617000
4424000
5603000
50343000
8570000
5135000
46522000
6579000
7083000
50806000
7222000
6412000
46031000
4803000
7868000
51567000
6830000
7764000
50785000
6898000
8089000
46414000
5253000
5453000
47242000
3826000
4578000
46608000
5735000
5759000
48233000
5033000
7795000
50612000
3838000
5845000
46301000
4512000
6669000
49426000
4066000
6446000
45264000
7314000
7821000
49312000
5729000
5839000
50681000
4861000
6176000
49534000
6502000
7119000
49836000
5612000
7505000
45522000
4156000
6629000
46482000
7702000
8412000
46195000
7428000
7984000
48126000
6368000
7348000
47713000
4581000
6403000
47192000
7905000
8553000
46552000
6595000
7620000
49718000
6471000
6480000
47196000
8646000
7576000
50763000
6763000
8197000
50789000
7145000
7469000
47613000
5404000
8562000
45709000
7042000
8593000
49097000
5619000
7398000
45285000
5525000
7315000
49090000
7540000
8408000
46532000
7486000
7330000
50195000
5627000
6896000
44664000
6092000
8429000
50024000
4853000
3589000
44266000
4663000
7046000
48529000
5194000
4767000
49279000
5630000
4874000
45622000
7598000
9377000
49991000
7519000
8794000
47799000
7459000
7498000
45204000
7251000
8482000
48365000
6584000
7374000
44728000
5151000
5979000
44506000
5728000
6969000
50816000
6844000
7479000
46497000
6345000
8274000
49275000
4067000
5379000
45349000
7473000
7147000
48612000
7182000
9291000
48650000
2662000
5347000
46942000
5305000
5982000
45169000
7236000
3641000
50335000
7204000
8024000
48410000
5751000
4540000
48948000
5951000
8879000
45317000
8532000
6610000
50481000
7113000
7753000
47242000
5654000
3662000
44651000
2049000
3232000
47869000
4517000
6131000
44463000
6872000
7226000
45111000
5323000
6291000
49832000
4481000
4898000
46258000
7113000
7754000
45073000
3580000
4386000
50338000
8648000
6679000
46406000
5570000
7736000
46090000
7355000
7894000
49987000
7249000
8001000
50607000
3836000
7893000
45696000
8864000
8228000
46218000
7515000
9380000
46200000
7200000
6429000
47386000
7441000
8782000
45118000
5034000
8312000
47251000
4528000
8058000
46764000
6618000
5695000
45701000
7404000
7010000
49303000
7288000
7703000
47441000
5275000
3311000
46233000
5119000
4652000
47842000
6091000
6420000
50271000
8252000
5394000
49706000
11046000
7144000
47278000
6410000
9580000
49764000
7477000
6221000
51229000
6783000
8344000
48108000
5692000
7230000
49376000
5053000
8060000
45951000
7015000
7441000
45891000
3278000
5650000
48868000
6698000
5325000
47529000
8450000
7616000
50054000
7734000
8912000
50632000
8889000
3476000
47139000
3751000
5756000
44645000
7686000
9500000
46475000
7098000
7917000
48543000
6174000
5282000
48308000
9542000
8814000
47542000
6866000
8407000
50388000
6844000
7592000
48540000
4357000
7516000
46639000
6398000
6729000
46337000
6389000
6867000
50240000
5473000
5307000
47059000
5406000
6528000
47720000
7603000
6868000
50491000
6314000
7252000
45693000
5897000
5439000
45646000
5877000
8336000
42991000
2353000
2937000
44942000
2284000
11895000
42643000
2889000
2504000
41927000
2236000
2041000
46172000
2427000
3454000
49260000
8134000
7759000
48707000
6713000
7296000
45450000
4828000
5668000
45010000
8124000
7577000
44872000
7674000
6814000
49030000
6508000
6184000
48414000
6070000
7142000
47790000
6537000
6874000
50846000
6336000
7790000
44750000
3307000
3246000
47123000
4331000
4985000
45971000
7995000
7100000
48104000
7181000
7411000
49745000
5933000
5749000
47756000
5221000
5260000
44974000
5890000
9241000
47540000
3594000
4748000
47198000
7470000
7806000
49685000
5938000
7507000
47950000
6493000
7392000
53120000
4165000
7177000
49889000
7422000
5222000
48040000
4814000
9293000
45148000
6656000
6832000
49929000
7189000
7908000
45196000
5453000
7767000
49010000
7245000
7062000
49653000
5696000
7592000
49799000
5968000
7024000
48115000
5862000
8344000
46605000
7836000
7239000
46370000
6753000
7521000
47332000
5219000
5608000
45885000
6123000
5639000
50806000
6456000
7720000
49052000
6842000
7868000
46236000
4640000
6442000
48654000
9135000
8189000
48395000
6195000
7514000
48920000
7197000
8535000
42941000
3896000
7355000
49332000
6984000
7246000
47375000
6806000
7023000
47914000
6574000
4677000
46867000
9856000
6686000
46737000
6869000
7792000
45353000
6790000
18017000
47642000
2578000
3239000
43884000
8170000
7668000
45062000
4533000
5993000
43983000
2086000
2212000
47151000
2033000
3127000
45325000
5131000
5891000
49618000
5974000
7728000
46353000
6628000
19279000
48407000
3283000
3387000
47163000
6050000
5501000
46551000
6754000
7198000
46942000
8188000
7818000
46857000
4954000
5013000
50196000
5518000
7743000
46870000
8412000
7919000
46669000
6634000
7698000
49886000
4595000
4928000
44659000
5036000
6362000
50252000
7054000
7335000
48177000
7932000
6880000
47637000
6512000
7696000
49952000
7770000
7303000
46079000
7084000
7331000
45343000
7449000
3277000
42895000
4844000
8566000
44792000
7542000
7435000
44951000
6667000
7045000
50390000
7357000
5830000
44499000
7547000
6322000
46942000
7112000
7431000
47570000
7219000
7118000
49570000
6267000
6130000
47003000
7274000
7994000
49355000
6272000
8186000
47850000
6526000
7198000
49210000
5020000
7122000
46748000
7200000
6977000
49599000
7223000
7576000
47296000
6149000
5824000
46010000
5227000
7777000
48861000
6942000
7545000
47336000
8682000
7973000
45784000
5742000
7120000
45745000
6662000
6904000
50563000
6700000
4885000
48405000
3318000
5555000
46482000
3411000
4745000
45525000
5975000
3938000
45278000
4902000
6253000
46007000
5179000
5157000
45937000
3984000
6423000
46000000
5917000
4946000
49277000
3983000
3762000
45260000
3494000
4607000
45042000
3642000
3292000
48948000
4521000
7361000
45682000
4679000
7827000
45145000
4467000
6175000
50370000
8089000
5231000
49267000
6270000
4442000
46290000
3852000
7788000
45385000
6725000
7844000
48272000
4981000
5182000
51317000
7379000
7541000
50964000
7413000
7941000
49773000
6499000
5845000
47395000
6814000
6778000
50857000
6645000
7770000
47511000
5236000
8016000
48882000
4440000
7965000
47913000
7450000
8557000
51748000
7218000
7700000
51049000
5441000
7115000
45865000
7833000
8132000
51508000
5337000
8351000
50974000
7884000
5967000
49913000
4171000
10496000
49260000
7903000
7801000
47281000
5934000
8036000
48318000
6763000
6087000
46945000
7516000
7556000
51645000
6653000
7529000
47424000
5815000
6917000
44920000
5194000
6569000
47295000
7319000
4995000
45070000
4152000
5245000
44890000
6659000
4347000
46028000
4839000
8813000
46693000
7105000
8940000
46271000
6092000
9032000
44388000
4708000
5881000
45087000
8554000
6822000
45074000
7390000
7964000
46618000
5647000
4584000
47149000
7008000
6099000
48443000
6912000
7797000
49979000
7727000
6092000
46775000
6604000
6140000
48586000
7555000
7717000
47899000
6628000
6889000
45918000
5853000
6349000
46549000
4888000
6921000
46903000
7109000
7186000
45708000
5822000
4544000
49242000
3685000
5790000
47962000
4360000
7829000
46731000
7675000
7414000
50389000
6980000
5746000
47371000
3408000
5620000
48753000
4204000
7424000
49596000
7291000
7188000
43410000
2734000
2192000
44827000
2722000
4199000
49104000
6181000
6140000
47152000
6961000
6706000
48953000
4375000
2193000
45987000
2856000
3521000
46597000
5013000
6531000
49006000
8017000
6731000
44304000
5990000
8743000
47797000
8767000
5460000
47851000
5253000
7342000
49450000
5181000
5351000
49863000
5416000
5627000
46839000
3770000
4847000
48025000
4794000
5983000
48533000
4960000
8054000
49272000
4539000
8364000
49797000
6686000
4429000
45667000
5058000
5761000
49638000
5019000
9139000
47730000
7568000
6387000
50267000
6024000
8909000
50057000
6933000
7989000
46638000
7005000
7129000
50315000
4268000
6723000
48660000
7508000
7520000
49830000
6988000
7895000
48495000
4378000
4608000
48443000
4639000
21317000
51689000
7558000
5702000
52681000
3939000
6005000
47932000
4669000
6187000
49889000
6835000
7437000
46132000
3902000
5389000
44894000
4174000
4504000
47247000
1846000
5202000
45200000
6720000
4348000
47144000
6686000
6325000
45371000
3294000
5592000
45346000
5113000
4474000
48751000
5462000
5803000
43451000
4031000
5843000
45848000
4372000
4630000
49213000
3822000
5698000
44522000
4337000
4830000
45369000
3951000
4851000
51519000
4248000
7121000
46486000
3922000
4480000
45848000
5660000
5663000
46828000
3574000
4977000
46067000
6486000
4654000
45842000
6989000
4955000
47154000
4024000
5166000
48862000
6311000
3347000
47592000
4912000
5735000
47199000
4182000
6207000
48987000
4106000
4380000
48458000
5284000
5416000
46408000
7511000
7849000
45503000
5132000
6106000
44792000
6698000
6453000
48162000
5889000
6498000
47542000
6447000
4113000
46953000
7055000
6252000
51319000
7202000
7833000
47373000
9166000
5110000
44613000
2020000
2603000
46234000
5813000
8311000
49034000
5985000
7834000
46260000
7280000
7395000
45616000
4342000
5102000
44816000
7145000
7514000
46712000
7123000
7590000
45712000
6514000
5512000
48389000
7277000
8175000
47137000
6868000
7131000
46779000
6568000
7711000
49562000
4908000
4893000
47282000
7684000
6846000
44445000
6949000
7805000
48316000
7195000
7574000
49890000
4746000
4485000
50836000
7137000
7268000
50122000
8222000
7039000
44565000
3983000
5597000
50117000
4391000
7131000
48161000
7868000
7083000
46752000
6133000
7736000
50873000
8264000
6355000
48495000
7057000
7843000
49365000
7306000
8336000
49600000
7441000
9021000
48752000
5146000
5820000
49365000
4807000
8267000
47759000
7547000
7655000
50544000
7030000
7912000
45386000
3365000
3541000
47248000
7527000
8358000
49441000
6516000
7248000
50387000
6895000
7651000
46258000
5398000
5209000
47249000
6798000
7311000
48693000
6591000
7694000
50013000
6695000
9806000
49844000
5424000
6183000
47019000
8879000
7124000
46039000
6573000
7566000
49808000
3269000
7151000
42238000
1892000
1647000
45540000
2834000
4430000
49564000
6385000
6923000
47434000
4794000
7157000
47452000
4538000
4816000
49361000
4899000
4646000
48785000
5272000
6359000
47102000
5812000
5403000
45645000
5203000
5187000
48041000
6408000
4361000
49832000
5157000
3505000
45640000
4536000
5494000
47914000
5288000
5664000
47025000
6984000
8059000
46297000
6719000
7630000
51567000
5897000
5536000
48154000
7569000
8879000
51947000
7205000
9190000
49087000
6474000
8496000
44713000
3363000
3898000
47181000
6982000
7535000
48914000
6555000
7304000
49130000
4795000
8528000
45853000
5369000
4517000
50479000
5927000
8825000
49128000
5494000
7915000
50139000
8256000
7031000
51531000
4331000
7658000
49077000
7531000
7981000
48180000
6172000
7205000
45336000
8095000
6170000
48035000
5236000
7595000
48493000
7647000
7504000
45959000
6484000
7776000
49096000
5534000
5559000
48676000
7037000
7471000
48508000
6706000
8346000
49932000
7317000
7796000
45802000
7961000
6701000
50110000
6689000
7250000
50788000
6355000
7548000
46841000
5089000
5942000
48296000
8077000
7428000
45437000
5198000
7581000
50534000
6493000
7284000
46788000
5109000
8359000
49354000
7118000
7315000
47022000
6611000
7392000
47799000
5251000
5847000
49358000
6529000
3157000
47947000
4550000
7686000
44400000
4638000
7383000
49582000
6326000
4532000
45601000
5725000
6766000
50835000
7081000
7714000
47559000
6271000
9537000
45178000
6042000
5604000
45491000
7134000
7650000
47220000
6633000
7475000
50390000
6577000
5553000
47412000
7953000
7619000
46822000
7796000
6879000
46987000
6092000
8736000
47553000
5599000
7570000
46059000
7127000
7027000
47394000
6800000
7584000
48214000
6541000
5706000
45363000
5891000
7716000
45587000
7232000
7092000
49812000
6556000
7660000
46495000
5520000
6185000
44817000
7847000
6761000
48991000
8008000
7104000
45948000
7407000
5352000
46320000
6981000
8534000
46021000
6915000
8666000
49752000
7606000
8014000
49997000
4828000
4834000
49978000
7851000
8450000
45826000
7955000
9557000
45767000
3537000
4978000
44529000
6893000
5521000
46793000
5761000
5494000
45870000
7445000
6744000
45233000
7075000
6747000
48296000
6471000
4931000
47567000
7018000
9040000
47820000
7032000
7344000
49798000
6697000
8189000
50332000
4142000
4821000
49154000
9144000
7633000
47034000
6323000
7180000
48400000
7229000
6764000
46334000
5048000
6305000
46964000
7167000
7296000
46610000
6248000
6752000
46128000
7078000
5433000
46974000
7773000
7514000
46684000
7556000
8080000
43681000
2289000
2305000
43515000
3814000
2242000
42681000
2901000
1706000
2108000
43036000
1870000
2164000
47122000
3517000
4989000
49667000
6658000
7912000
46154000
7157000
6277000
47183000
4887000
6416000
46979000
7786000
9241000
41828000
2057000
2111000
46802000
2563000
4375000
50328000
9539000
3379000
47960000
3825000
11124000
45725000
6491000
7771000
46734000
6593000
6081000
47543000
6073000
7322000
45542000
7053000
7173000
49998000
6286000
7348000
45001000
4591000
6363000
45973000
4978000
5753000
48395000
6628000
7700000
49975000
6968000
6590000
46184000
4570000
8073000
45234000
7435000
7957000
47588000
7077000
7574000
45518000
5758000
5384000
47805000
8251000
7235000
49568000
6171000
8412000
50636000
6475000
7873000
44574000
6951000
8542000
48710000
6132000
7946000
45781000
8574000
8587000
49477000
4257000
4590000
50078000
8070000
7029000
48641000
6127000
7813000
50272000
6468000
5357000
49525000
4634000
6470000
49571000
7222000
7657000
48401000
7126000
7542000
45849000
6642000
4799000
47140000
5347000
5696000
46196000
7195000
7913000
46095000
2430000
3765000
49697000
6034000
4798000
48163000
7961000
8715000
47471000
7050000
7129000
50694000
7159000
19489000
48074000
4586000
5473000
47206000
7433000
7891000
44858000
6632000
7375000
49600000
5096000
5474000
49490000
5032000
5274000
45315000
7950000
7393000
50952000
6364000
8990000
50475000
4520000
5414000
48834000
5148000
7106000
49626000
6165000
6987000
46698000
7471000
7289000
46229000
5641000
4657000
48714000
5596000
6335000
46407000
6612000
6281000
50530000
7072000
8265000
48023000
5160000
5735000
50357000
7554000
6719000
45920000
6606000
8987000
48776000
5919000
4365000
48447000
4250000
6112000
45341000
7791000
7013000
51063000
6220000
7164000
46119000
5059000
5665000
47385000
5843000
6343000
49267000
6607000
7301000
45965000
5850000
5600000
46055000
4368000
5098000
47895000
9931000
6328000
46913000
7016000
8846000
51327000
6618000
5645000
45385000
7048000
7857000
47653000
6933000
8166000
51485000
7149000
7659000
49262000
6025000
6274000
51004000
6526000
7714000
50995000
6133000
7367000
51005000
6150000
9000000
49344000
4915000
6900000
47630000
7393000
7863000
48245000
7253000
7733000
46752000
7097000
7124000
46712000
7328000
8175000
46777000
8096000
7648000
46981000
7168000
7586000
49042000
6167000
5878000
50255000
6828000
7520000
51268000
5845000
7633000
48125000
5240000
5645000
48262000
6874000
8224000
47328000
7488000
6761000
51901000
7627000
8174000
47721000
6482000
5744000
46819000
5605000
8274000
46007000
7900000
7876000
47695000
6335000
7323000
44384000
8010000
7551000
43734000
2728000
3069000
48413000
5432000
8286000
50752000
4292000
6548000
45025000
6467000
