cliente2b5ecd4c-ec06-4549-aff5-54ce6314d0535081000
46951000
43949000
4093000
3437000
46315000
45332000
41830000
2833000
3016000
45257000
44066000
38641000
4318000
2978000
48563000
47609000
41191000
8071000
11730000
13373000
13113000
46595000
7951000
9979000
51489000
54369000
49489000
2293000
43240000
39282000
42887000
43876000
2209000
43931000
41078000
43759000
44998000
2676000
42622000
40458000
44934000
47349000
4312000
43105000
44220000
46398000
49726000
5858000
47031000
46908000
51321000
51706000
6547000
43402000
41202000
49606000
50620000
5568000
44193000
46899000
49932000
50815000
3969000
42221000
40323000
46390000
48175000
9488000
7514000
clienteb0ba31e5-34f8-4fa1-851a-a8e1edd4fb426026000
4071000
4168000
3493000
3890000
50564000
9525000
6845000
6346000
7696000
47134000
6934000
5110000
4051000
7620000
50504000
8470000
6130000
5965000
8493000
46482000
8072000
7263000
6523000
8926000
48363000
6083000
5785000
6273000
8195000
51084000
9599000
5561000
6700000
6989000
50276000
8459000
6195000
5119000
9139000
44412000
4268000
6129000
3868000
7235000
44990000
3511000
6090000
5867000
5682000
48153000
6472000
4922000
5218000
5009000
49510000
6506000
4555000
4120000
7728000
45296000
4969000
6000000
3796000
3804000
43444000
4860000
3373000
3213000
5432000
49345000
4220000
5195000
4469000
5049000
45260000
6065000
4177000
4363000
5125000
50281000
5498000
7632000
5670000
5695000
47933000
4690000
5615000
5379000
5877000
49085000
7191000
5186000
5173000
8767000
50899000
8039000
6539000
5693000
6847000
50997000
6076000
5606000
5599000
7248000
46071000
5779000
6056000
5548000
6141000
49169000
6608000
6176000
6901000
9122000
50940000
8108000
6089000
5359000
7512000
45423000
3980000
4181000
5898000
10026000
49655000
8727000
8065000
5532000
8142000
47608000
8214000
6589000
6810000
7939000
46665000
8640000
6997000
5440000
9177000
47351000
5552000
5292000
4934000
7038000
48765000
8111000
6766000
10026000
6507000
46195000
6827000
6085000
5544000
5916000
46686000
6009000
8090000
6112000
8239000
49541000
6351000
6593000
6275000
6832000
50290000
7325000
6132000
6470000
4135000
46603000
6327000
6261000
5529000
6310000
49954000
6953000
6717000
5323000
10246000
49551000
6972000
7762000
8170000
4702000
47595000
6345000
5761000
5571000
5401000
49252000
5524000
4507000
4414000
5527000
48754000
8440000
4511000
5767000
5299000
48587000
6216000
5010000
7306000
7743000
50172000
5419000
6371000
5510000
8134000
47914000
6577000
7709000
5265000
10111000
49493000
7422000
6338000
5660000
6397000
48198000
6980000
6213000
5384000
7257000
50814000
7130000
5665000
5398000
8226000
52340000
8256000
4814000
5494000
8201000
47430000
5032000
8214000
6616000
4441000
44379000
4633000
9198000
5109000
2526000
50402000
4955000
5101000
6652000
5518000
45208000
4673000
3810000
5992000
5810000
52614000
5369000
8569000
6166000
7989000
45420000
5386000
11196000
7616000
8787000
51538000
7828000
8386000
5325000
5402000
47858000
7828000
6494000
5670000
5560000
46984000
5604000
7921000
5430000
8341000
50410000
6215000
5967000
7414000
6742000
45922000
7297000
6186000
6560000
7937000
50607000
7118000
5476000
6646000
6682000
51520000
6728000
8777000
7785000
6351000
46146000
6650000
6327000
7383000
6167000
47594000
6532000
5992000
8142000
6152000
48550000
6802000
8264000
10160000
7386000
47643000
7365000
6848000
4252000
7052000
49139000
6687000
7106000
7692000
6581000
49216000
6107000
7576000
8773000
7234000
48501000
6868000
6372000
7944000
6792000
45940000
6407000
7532000
7635000
7594000
46777000
6551000
7128000
5295000
4980000
44151000
5441000
3935000
4033000
5428000
46619000
5525000
4655000
4436000
5624000
49726000
5160000
6483000
3647000
6313000
49784000
5715000
6992000
4280000
5714000
49834000
5448000
4980000
6465000
7906000
48048000
5743000
5822000
5906000
8865000
46592000
6136000
5223000
6033000
8773000
44940000
6917000
6560000
6982000
9553000
49949000
5671000
6876000
4851000
9323000
46275000
5154000
6084000
7900000
5316000
46535000
3703000
5605000
7261000
7115000
46025000
4323000
5544000
5302000
9543000
45713000
5633000
4157000
6007000
10161000
46522000
6307000
6640000
4733000
9438000
50019000
6134000
6095000
6059000
9215000
47510000
4137000
5367000
6763000
9325000
47770000
6218000
6294000
4875000
9237000
49161000
8340000
7002000
5654000
7707000
47006000
5150000
7797000
6697000
5934000
51131000
4172000
7042000
6805000
6560000
47488000
5562000
8795000
4814000
9056000
45258000
4799000
9949000
7617000
10144000
49365000
5900000
4894000
4689000
3724000
49669000
6009000
4925000
5538000
7068000
44173000
3277000
6189000
4986000
3929000
46507000
5297000
5609000
3705000
5000000
46878000
4994000
4461000
6102000
6271000
46593000
7429000
10494000
5070000
10549000
49218000
8136000
7084000
4194000
6606000
47432000
3546000
7416000
8785000
7664000
47558000
9144000
8497000
6845000
9257000
45835000
6600000
4513000
5259000
9234000
47340000
9255000
5359000
4290000
7826000
46924000
4947000
6844000
6293000
8551000
46437000
5326000
4954000
6983000
8175000
44149000
3904000
8553000
4862000
8051000
44049000
7025000
5883000
7680000
7888000
45319000
7628000
8412000
7027000
7155000
44753000
4397000
8343000
4704000
7514000
44651000
5104000
7884000
7506000
3947000
44242000
6214000
2597000
2550000
6612000
44098000
8067000
5067000
7297000
5961000
44597000
7858000
8401000
4887000
9783000
45448000
10441000
7124000
6851000
9461000
46215000
13402000
7886000
9967000
7850000
45872000
14716000
7927000
5123000
9277000
45766000
15607000
9881000
7104000
7365000
46115000
16095000
9048000
8736000
7097000
45299000
17275000
8592000
4578000
7010000
46612000
18899000
7381000
6689000
8286000
46975000
21321000
8950000
6520000
8699000
49037000
25931000
5857000
4832000
9111000
48086000
26163000
7765000
7031000
8486000
49466000
28457000
8534000
6998000
8647000
44833000
24251000
8147000
6072000
8408000
46044000
24917000
7850000
4671000
6865000
50186000
28384000
8355000
5823000
5388000
50352000
29784000
6646000
6150000
9597000
52214000
34739000
6700000
4633000
8468000
47804000
30801000
6903000
4400000
8798000
46434000
30342000
7022000
4216000
10647000
48924000
31256000
6858000
6850000
9179000
45878000
30041000
8605000
5631000
9106000
48640000
35242000
8139000
5039000
9893000
44725000
29058000
5372000
5744000
9351000
47194000
32015000
9324000
5877000
7231000
48355000
35947000
9068000
6418000
9181000
47301000
35470000
8640000
4120000
9614000
52831000
43744000
10569000
6510000
8213000
51236000
48437000
7171000
7694000
9165000
47408000
45919000
7295000
5587000
10814000
52059000
51706000
15088000
3869000
4274000
44907000
49152000
4796000
6498000
6501000
45077000
48993000
3947000
4568000
4700000
44061000
45689000
7700000
6962000
5804000
46514000
48961000
6419000
3943000
6776000
48929000
53660000
7629000
6904000
6161000
47286000
50823000
5739000
4080000
6789000
44831000
52314000
10190000
4093000
4073000
49343000
51411000
6260000
4510000
6962000
51098000
53133000
4543000
3822000
10165000
50810000
54016000
7343000
3582000
7759000
48763000
51978000
11404000
5239000
8731000
45508000
48397000
7824000
8210000
9182000
45257000
48101000
8192000
4299000
6185000
50269000
52253000
5686000
6953000
5629000
49457000
52232000
6285000
8902000
7477000
49363000
51230000
6463000
9060000
6199000
48176000
50906000
9193000
7867000
5785000
49951000
54327000
6182000
6688000
5488000
51179000
52789000
9754000
7252000
7610000
48500000
51868000
8486000
8433000
5471000
49982000
52153000
7291000
6033000
7238000
45860000
48877000
7803000
5233000
7267000
51084000
56825000
8380000
5307000
5660000
46745000
52916000
8247000
5123000
4418000
52623000
54454000
8500000
7139000
5636000
49449000
51625000
7098000
5315000
6550000
48286000
52742000
6707000
4412000
5497000
49839000
52291000
8780000
5189000
5339000
46234000
50068000
9365000
7333000
8009000
47091000
50947000
6242000
7043000
5319000
50215000
54330000
5327000
4210000
2607000
49070000
50760000
6255000
6337000
6612000
47550000
52313000
8064000
6709000
9078000
47495000
49799000
6262000
4463000
8071000
49993000
52206000
8687000
4692000
7272000
45451000
48316000
6577000
3835000
6787000
48265000
51884000
8410000
8307000
8739000
51762000
54222000
8501000
6528000
9745000
47981000
50961000
8737000
6363000
7813000
49914000
51603000
8391000
8303000
9768000
48871000
52713000
9034000
7978000
9603000
47677000
50390000
7960000
5660000
8512000
46770000
47751000
4956000
3982000
5501000
47169000
50649000
6358000
4433000
6933000
44968000
51900000
7623000
7092000
10798000
48283000
52967000
6170000
6563000
9431000
46575000
50429000
9196000
5122000
7977000
49879000
53900000
5785000
3339000
8435000
47617000
50353000
9095000
8519000
7014000
46692000
48785000
10039000
9007000
9121000
45929000
48013000
8264000
6032000
9696000
51803000
54663000
7963000
6322000
5879000
45977000
50945000
9731000
6969000
6740000
46421000
51268000
7957000
6342000
8184000
48847000
52291000
6393000
6977000
6236000
46362000
49841000
10847000
7194000
8543000
47212000
50164000
8098000
4936000
9020000
50892000
53467000
8793000
6262000
8652000
46185000
50267000
8749000
6841000
9516000
49565000
51552000
7130000
5219000
8410000
52842000
56111000
8550000
9325000
6376000
47970000
50128000
10905000
6359000
5534000
45911000
52629000
2457000
2015000
9213000
45987000
51428000
8246000
9102000
5994000
51918000
53926000
12795000
8799000
5634000
49754000
53293000
6334000
3334000
8863000
49508000
52471000
4291000
3063000
8643000
48681000
50553000
3980000
4926000
10269000
47506000
51520000
5042000
5864000
9343000
50843000
53550000
5705000
6120000
7843000
47523000
51082000
4031000
6085000
5924000
45740000
49775000
6108000
8425000
8152000
48717000
52661000
5404000
8297000
9329000
47193000
51771000
6646000
7486000
10566000
50695000
54036000
4235000
5872000
9048000
45145000
47721000
6141000
7652000
6800000
45427000
48755000
6050000
10126000
6111000
51766000
54038000
6395000
8527000
7970000
50453000
54687000
4890000
9439000
8819000
47001000
50556000
5491000
7852000
7807000
50345000
53553000
7391000
10012000
8451000
47061000
50834000
7981000
12539000
6765000
47176000
49657000
7608000
10701000
9007000
47819000
51701000
6470000
8078000
8478000
45243000
49244000
6758000
9388000
8834000
45175000
49367000
6243000
9360000
7849000
46623000
48456000
9249000
12876000
9537000
47069000
50689000
7895000
13788000
9033000
47251000
51259000
7288000
10614000
6708000
49604000
51814000
8010000
11460000
6883000
46079000
52769000
8894000
12887000
9225000
51845000
54218000
8540000
10922000
5352000
48142000
51142000
6818000
8593000
6127000
48801000
50161000
5109000
7097000
6436000
51097000
54083000
6272000
9464000
8280000
46886000
49994000
7178000
12592000
8299000
48639000
51203000
6853000
11170000
10220000
49106000
53184000
7316000
9232000
6840000
49532000
52863000
6091000
9709000
5747000
47373000
50114000
6671000
9551000
8277000
50340000
52415000
7529000
10424000
10125000
47552000
51430000
6013000
9248000
4415000
45033000
48636000
8359000
11766000
6583000
45790000
49218000
10207000
13647000
8318000
51758000
54456000
5161000
7710000
8690000
48194000
50575000
7224000
10706000
8010000
48181000
51408000
10157000
13309000
6907000
49554000
51371000
5576000
8053000
6107000
49836000
51610000
6905000
11446000
6928000
46451000
51321000
8756000
12157000
10159000
48752000
52212000
9429000
14479000
6921000
47739000
50252000
7866000
13539000
7107000
50513000
53838000
9609000
11394000
5200000
46351000
50254000
5214000
7259000
5292000
46008000
48976000
6492000
10085000
5021000
52353000
55859000
9022000
12454000
6706000
46102000
50552000
9088000
11598000
6747000
52177000
55339000
6703000
10142000
6836000
48525000
51688000
8444000
12201000
5116000
49444000
51503000
8154000
12357000
5309000
48096000
50801000
7739000
13168000
6187000
50695000
53557000
8612000
11528000
7620000
45631000
49084000
5125000
8202000
6337000
51290000
54944000
6255000
9159000
5072000
46103000
47640000
7308000
11217000
6410000
51627000
53317000
9340000
12371000
6877000
46501000
48347000
5270000
7809000
6509000
47976000
52897000
11378000
13945000
8648000
52141000
53885000
4505000
6582000
9198000
47483000
49227000
8857000
12185000
6560000
45963000
49890000
9226000
13141000
8283000
45280000
49730000
6430000
10545000
6704000
50064000
53148000
4109000
6006000
7658000
46641000
50926000
6459000
11338000
8383000
45747000
47500000
7249000
9467000
8632000
49787000
51858000
5350000
7698000
8428000
48345000
52372000
6599000
10651000
8577000
48645000
50652000
6605000
8255000
4934000
52113000
53716000
5182000
7309000
5512000
51279000
53527000
7349000
9968000
8121000
47788000
50614000
8768000
14114000
7080000
45083000
48374000
9160000
11299000
5225000
51545000
54303000
4922000
6785000
6477000
46952000
52729000
5354000
9021000
6891000
46528000
49894000
10445000
15223000
9167000
50761000
53209000
6695000
10247000
7784000
50011000
52587000
6730000
8922000
6613000
50205000
52255000
6530000
9404000
9137000
51196000
53986000
5949000
9758000
6732000
48287000
51009000
8538000
12392000
5578000
47401000
50109000
8557000
12632000
9855000
46675000
52126000
7852000
10681000
7694000
47105000
51418000
6018000
10022000
7921000
50957000
52783000
5317000
7278000
8101000
46001000
51553000
4277000
6334000
6208000
47828000
50657000
5973000
8987000
9547000
47076000
49878000
5895000
8290000
10617000
50761000
54175000
6687000
9331000
6392000
48512000
50823000
8874000
12048000
6799000
47662000
49311000
8098000
12240000
9374000
44801000
49552000
8859000
13920000
7173000
46045000
53809000
2095000
4045000
8705000
48853000
51574000
6361000
8544000
9874000
50623000
52489000
5400000
7864000
8462000
47417000
52883000
5095000
6965000
8724000
46562000
49272000
6190000
10583000
10617000
49173000
51907000
7009000
8933000
5575000
44979000
50566000
4508000
6436000
9024000
45471000
50158000
4841000
6480000
9203000
46726000
50506000
7280000
9616000
10500000
50597000
52405000
4237000
7277000
8478000
46648000
50806000
4227000
6448000
7977000
47535000
51298000
5875000
7663000
8658000
49905000
51788000
7097000
8844000
9649000
46300000
48961000
5743000
7530000
6698000
45287000
50368000
5504000
7305000
6170000
45219000
49158000
6250000
9027000
7587000
49852000
52007000
6155000
8682000
7309000
52350000
54679000
4492000
6686000
6851000
45027000
50859000
4950000
7509000
7933000
48661000
50959000
5132000
8051000
8845000
45204000
51048000
5034000
7442000
8919000
47039000
49920000
6828000
10320000
8010000
48361000
52054000
7107000
11028000
4900000
49795000
51758000
3928000
6502000
6836000
48121000
49848000
5298000
7562000
4370000
47707000
49527000
4687000
6836000
6951000
48680000
50687000
6012000
7699000
9760000
46503000
51597000
5606000
7702000
8837000
49745000
52643000
5850000
7517000
9202000
51694000
54581000
5579000
8883000
8947000
47601000
51159000
4668000
6370000
8444000
44151000
48510000
5473000
8194000
9125000
51471000
54543000
5724000
8230000
4402000
47231000
49648000
5276000
7229000
6312000
47576000
50456000
4443000
6224000
7278000
43559000
49804000
4599000
6815000
7565000
47233000
50765000
7147000
9291000
8681000
46737000
51251000
5209000
8261000
6544000
50428000
52678000
6161000
8080000
4811000
50914000
52908000
8924000
9332000
7958000
52186000
53633000
6538000
10007000
8710000
46953000
51801000
5813000
7876000
8867000
50005000
55780000
6790000
9927000
8537000
45283000
48011000
5763000
7664000
6962000
47960000
49995000
4938000
6433000
8980000
48114000
50029000
7278000
10576000
9069000
50738000
55337000
7003000
8623000
8423000
50761000
52557000
4945000
6525000
8862000
48650000
51339000
4003000
5757000
7817000
47362000
51492000
4473000
5930000
8086000
49430000
51947000
7542000
10455000
9279000
50585000
53338000
4758000
6634000
9023000
48330000
51856000
5295000
7425000
7286000
45634000
49884000
6732000
9201000
8888000
50848000
53110000
6181000
8202000
8269000
50351000
52260000
4165000
7319000
8857000
48468000
53001000
8327000
10489000
9053000
47366000
53109000
8033000
9674000
8111000
46434000
47538000
4733000
4935000
9227000
47074000
48132000
4383000
6108000
9249000
49668000
52593000
4217000
3506000
8898000
47781000
49870000
7193000
7258000
7600000
47439000
50638000
6194000
9312000
9247000
49016000
52475000
8495000
10236000
8085000
10492000
50360000
6892000
9480000
8069000
44760000
47728000
6409000
8338000
8481000
45234000
52223000
11925000
13518000
7801000
46079000
51550000
14350000
16510000
8861000
45332000
48241000
13544000
16922000
8703000
45880000
50392000
15970000
18292000
6855000
47327000
49081000
16631000
18289000
7025000
49168000
51921000
22348000
25349000
9549000
48473000
51342000
23689000
25393000
7554000
8323000
49822000
21529000
23843000
9162000
51064000
53505000
29277000
29584000
8369000
49097000
50769000
26683000
28580000
7968000
9754000
52607000
31388000
34528000
8329000
50417000
53981000
36440000
38833000
8101000
50369000
52098000
31873000
33829000
6904000
8424000
57045000
36744000
39394000
6187000
45697000
45779000
25773000
51570000
7802000
46324000
50672000
35566000
37143000
9116000
48272000
48548000
34261000
46733000
8049000
50471000
52645000
44255000
46207000
8446000
46807000
49750000
42161000
43498000
8707000
50438000
54239000
48211000
48994000
9609000
48654000
51641000
48246000
49312000
9236000
47410000
50055000
47665000
51212000
8981000
47849000
49718000
44219000
45086000
6749000
9508000
14968000
10827000
12812000
7610000
48416000
50349000
45367000
46067000
13122000
49633000
51478000
49012000
50804000
8199000
48331000
52721000
51389000
50934000
8625000
47417000
51549000
49930000
52063000
7644000
51773000
