4294833
3417125
2912375
2983209
2746583
2741917
2913083
2305000
1976667
2021292
2044209
1777958
1574416
1832208
2383792
1809584
1724916
1478416
1592708
1584041
1601250
1300292
1315209
1987875
1679625
1354792
1398000
1354125
1454583
1359958
1462958
1349916
1447000
1287209
1460416
1729834
1663875
1552000
1509750
1368625
1276542
1388375
1440000
1455333
1662583
1571916
1743375
1509334
1996166
1352209
1562667
1480167
1770333
1513375
1530792
1455875
1434125
1681500
1896500
1621916
1486834
1518708
1616625
1716666
1696084
1690666
1873041
1881750
1546375
2137833
1528959
1502541
1817333
1601791
1412167
1721125
1705375
1653292
1429083
3177667
1588292
1526083
1515792
1804542
1594875
1725333
1312333
1342208
1071291
1161916
1208458
1387458
1516125
1680500
1536083
1414042
1476167
1913667
1627959
1608875
1381708
1285542
1242250
1548541
1355208
1439334
1348625
1617083
1483084
1594042
1595584
1601916
1570000
1333084
1538416
1411708
1350667
1229208
1296208
1322667
1375709
1477500
1445083
1526291
1483750
1569125
1496459
1620458
1510375
1370459
1425500
1960834
1688541
1494500
1244333
1586541
1694875
1395375
1296292
1476792
1453625
2915750
1674833
3058208
1408500
1209750
1285083
1701084
1441208
2007667
3423666
3242791
1524500
1821166
1700083
1949625
1420125
1358125
1347667
1584500
1415917
1331334
1251500
1326125
1258750
1756583
2240750
1690000
1562208
1924542
1607250
1406958
1382542
1276667
1178708
1250250
1940208
1724250
1241792
1586833
1546958
1535834
1483458
1396916
1429250
1379417
1431209
1831583
1323083
1436334
1386083
1387666
1482209
1384167
1339958
1259125
1167458
1594000
2039709
1394750
1172125
1228083
1277500
1657333
1566750
1338625
1288708
1306625
1227709
1549250
2174333
2328875
1912166
1738333
1766875
1347666
1455541
2014000
1533709
1946041
1487250
1197958
1240791
1449917
1360292
1402833
1297291
1190292
1414708
1302917
1841917
1382208
1385750
1222041
1301500
1436833
1460291
1391375
1239667
1197792
1175708
1350334
1279333
1339416
1388667
1199333
1394042
1515125
1261000
1353417
1370000
1310292
1223417
1469166
1354666
1338958
1214000
1457875
1418459
1470250
1529750
1253792
1447750
1389333
1271583
986542
1347708
1204125
1148334
1223459
1194041
1884083
1728334
1902625
1596083
1531791
1323250
1519959
1453375
1415917
1283708
1268625
1264500
1330500
2052334
1410084
1342459
1202916
1080334
1175791
1315250
1333291
1290000
1252166
1515083
2485875
2546667
1602500
1692500
1683083
1228709
1432875
1739792
1401208
2237250
2911541
1564291
1397375
1419458
1249792
1572125
1202917
1109084
1274083
1076709
1483625
2474792
1313291
1403833
1163292
1185583
1400625
1775209
1355459
1507834
1164709
1461292
2026750
1628709
1285250
1192917
1445375
1203292
1411333
1233959
1151375
1284334
1435083
1407875
1449000
1488208
1290667
1412791
1230084
1419291
1682417
1556834
1162042
1170416
1274875
1421834
1591708
1453500
1391958
1281542
1150750
1147083
1353916
1088542
1428125
1580917
1252250
1250375
1428209
1443666
1478500
1253000
1125959
1364041
1300084
1204000
1311041
1151291
1284458
1233500
1330458
1388208
1544625
1268125
1468833
1213959
1299417
1223917
1431792
1525791
1208667
1273375
1503584
1577792
1500917
1782334
1377041
1385333
1469833
1563750
1792125
1400500
1247708
1515834
1617458
1673667
1451375
1432125
1737584
1584084
1285000
1564709
1525750
1336459
1409958
1419500
1417250
1344667
1444791
1521291
1624333
1533959
1487667
1770959
1447708
1454708
1599625
1509542
1490459
1564667
1481458
1401208
1953875
1699959
1318750
1081583
1624250
1842875
1671917
1390250
1314625
1280417
1315000
1407291
1838500
1682958
1475958
1721500
1651583
1357833
1229375
1326625
1269000
1464166
1664250
1709000
1661959
1440250
1513292
1650917
1507958
1898250
1312625
1748333
1547375
1389375
1681875
1617458
1825959
1884583
1998500
1782375
1384833
1245833
1212708
1157208
1211500
1236042
1376666
1506292
1810875
1314125
1194208
1537458
1676459
1270917
1288417
1592875
1379209
1121583
1213666
1473958
2109417
1418209
1654500
1056208
1143083
1203750
1291166
1263542
1253791
1122542
1250084
1334541
1456291
1600292
1218875
996084
1045792
1077500
1330250
1108792
1098417
1410625
1259042
1249208
1374500
1566292
1375750
1209583
1205833
1143084
1217042
1208250
1173542
1148458
1648834
1197084
1106250
1385042
1653708
1465709
1311083
1159500
1020083
1097500
1299292
1438083
1475750
1309917
1138333
1164459
1405083
1461292
1375500
1158458
1261083
1186333
1126125
1188208
1233292
1445083
1253208
1140666
1445000
1309084
1368584
1398833
1311667
1077833
1183541
1147166
1588833
1436792
1094208
1296250
1863834
3535459
1488708
1461417
1223875
1094000
1070708
1271333
1289042
1255667
1339250
1231917
1213167
1396375
1518333
1523375
1305500
1273083
1190625
1210541
1154875
1126875
1229250
1361792
1240250
1279375
1351750
1402417
1506125
1246958
1350083
1240375
1348375
1404250
1159333
1311291
1252333
1257292
1330750
1367750
1940750
1357166
1078375
1145083
1507084
1410917
1451167
1518083
1188083
1551792
1568667
1915500
1487667
1288750
1221083
1360792
1498583
1249958
1333250
1348208
1260833
1233542
1401125
1702375
1429334
1289750
1267500
1413666
1359959
1347958
1454000
1248667
1469083
1620917
1299834
1467917
1264834
1245334
1712875
1337667
1363542
1511416
1488375
1426958
1544083
1755916
1534000
1530959
1319042
1515958
2118791
1378625
1259667
1495334
1269542
1429000
1723375
1768917
1667791
1427833
1180500
1246000
1260292
1595542
1913417
1880666
1635584
1666875
1441833
1451125
1467875
1607959
1276375
1671166
5338292
2112208
1974500
1548625
1430458
1429459
1431958
1633292
1385291
1407250
1706333
2416084
1337917
1623458
1244917
1377875
2686541
3174667
2057541
2616292
1858417
1414584
1470791
1237500
1323000
1960958
2102500
1354792
1473208
1713417
1817416
1633792
1214667
1344125
1457709
1281333
1364042
1654084
2679000
2128834
2130500
1424041
1450750
1442250
1478417
1248667
1301583
1229625
1451833
1294291
1351250
1496500
1421209
1187542
1289500
1170167
1032125
1428667
1215750
1368625
1281917
1330416
1503250
1572875
1557666
1397875
1423500
1421584
1424000
1480833
1366250
1355250
1287667
1277334
1949834
2096000
1501666
1190500
1288916
1349125
1333625
1458042
1419250
1399042
1556709
1743334
1431250
1278500
1355834
1228875
1321125
1458000
1499292
1443375
2255416
1581542
1960584
1663208
1341084
1192791
1219625
1305541
1469792
1519541
1529791
1292459
1487666
1960167
1678709
1465625
1246250
1326750
1339250
1470458
1601833
1525958
1517667
1395833
1290167
2080333
1552750
1309750
1527750
1336250
1471125
1178875
1585958
1295791
1364709
1585125
1807291
1425875
1310875
1371083
1432250
1454666
2386000
1480042
1216291
1263625
1333542
1348167
1608500
1440417
1289375
1238792
1111541
1367125
1535584
1311791
1347125
1402709
1621500
1624208
1528417
1401250
1655167
1365083
1451208
1456583
1742041
1474000
1388166
1823250
1484250
1433709
1438667
1264375
1337000
1441417
1325083
1540416
1361166
1369000
1541958
1861333
1533667
1343875
1218833
1277375
1398375
1322209
1589000
1581542
1509042
1516583
1532583
1790875
1499750
1467625
1407500
1421291
1461250
1575125
1514833
1272667
1376792
1482542
1555833
1427667
1378583
1429333
1808292
1663583
1308000
1468125
1599333
1368417
2081459
1462041
1543666
1241708
1508917
1390000
1301875
1225458
1183166
1263042
1392750
1874833
1427750
1406417
1330250
1181084
1246542
1688541
1429834
1469667
1367708
1351500
1238875
1421084
1644833
1447500
1425750
1361792
1384333
1507417
1405625
1394416
1335458
1320083
1409250
1940000
1643083
1316250
1409833
1348875
1443541
1762875
1740458
1318959
1364125
1433792
1435334
1540708
1606917
1277042
1272917
1374291
1417209
1302250
1418875
1331833
1318625
1375416
1535791
1415583
1496500
1424416
1404542
1687625
1506000
1631125
1195416
1547584
2091708
1865750
1392917
1237625
1235666
1366083
1424292
1564334
1545083
1472417
1419084
1896333
1420208
1441042
1264125
1322750
1415959
1531916
1519250
1770708
1404125
1357834
2481958
2273375
1939333
1348250
1133209
1249709
1245416
1398792
1129375
1293584
1217083
1465417
1618000
1490666
1028916
1129666
1207334
1067542
1067625
1437208
1209083
1121625
1093958
1130917
1281083
1248958
1310583
1335500
1223708
1328375
1343084
1250750
1339291
1402750
1465333
1324750
1252042
1585875
1592833
1555917
1315084
1346125
1419084
1230042
1443875
1708375
1476084
1275875
1432000
1554208
1512709
1327125
1466750
1349958
1375792
1214333
1404833
1203625
1769209
1225084
1484750
1551500
1606834
1366916
1280542
1444667
1503084
1326666
1482666
1310708
1567125
1730792
1854125
1506834
1344834
1265958
1359750
1239625
1327250
1501916
1414292
1317083
1521292
1625666
1572375
1508834
1345583
1268916
1273333
1248042
1307333
1262291
1503250
1361709
1418208
1589917
1605292
1488167
1315625
1486000
1448041
1364625
1451209
1541875
1455000
1387583
1695917
1865292
1401917
1331500
1298834
1179541
1291459
1486875
1330584
1450583
1417083
1563958
1771167
1480917
1255917
1158959
1259000
1515000
1494583
1435583
1380084
1288291
1242792
1971291
1781250
1265083
1364417
1201542
1217917
1300167
1629125
1544125
1548125
1702625
1495625
1862917
1346958
1271666
1225708
1323000
1435833
1500042
1418250
1443500
1509083
1692500
1529750
1404875
1427334
1329875
1406667
1402208
1471750
1375333
1422959
1282542
1427500
1494625
1597833
1421750
1291167
1317083
1197375
1250125
1517417
1683958
1580792
1468375
1436833
1911584
1524709
1407375
1255500
1228959
1368542
1392042
1502166
1463042
1423459
1543667
1644167
1516250
1628041
1287958
1464542
1608041
1431583
1477542
1554459
1359209
1410875
1557958
1697042
1361417
1316417
1545041
1923125
1591792
1692458
1447291
1332958
1523792
1705417
1430416
1361250
1307125
1201667
1205250
1327416
1484458
1411458
1438709
1827583
1711708
1490000
1276000
1316292
1238166
1293916
1350583
1509625
1560666
1421542
1641667
1458875
1710625
1575833
1432750
1228250
1148834
1404042
1536625
1413041
1431584
1476083
1568083
1509166
1300083
1621333
1299084
1336000
1172375
1465542
1331334
1311000
1451208
1440625
1606083
1688375
1378917
1493333
1325125
1210916
1357958
1339917
1340625
1333500
1505625
1286583
1565167
1585000
1550375
1347833
1517333
1350250
1422500
1371708
1386291
1578917
1491584
1663416
1562083
1424792
1428917
1283667
1491417
1528083
1511542
1328458
1376084
1429458
1364125
1722334
1543917
1621333
1412125
1285291
1302625
1355416
1394750
1492000
1217625
1380792
1523292
1449375
1681083
1618875
1711542
1369625
1807083
1969125
1593083
1504000
1564250
2069958
1661625
1358917
1234000
1545958
1383292
1542208
1424500
1459667
1660834
1734791
1664083
1510708
1599000
1195709
1400500
1483166
1780458
1558375
1800041
2481125
1683917
1540583
1601875
1563333
1427833
1618000
1604834
1727417
1606292
1910209
1621292
1503334
1515792
1452542
1340541
1544875
1295166
1591500
1541417
1555209
1806459
1518916
1445625
1175791
1273542
1597583
1695291
1736166
1782000
1343667
1384625
1810083
2021625
1790542
1548750
1414792
1447375
1404666
1396958
1430875
1765542
1786500
1468291
1643708
1502125
1434417
1520916
1385583
1431541
1146083
1218417
1345583
1481708
1885625
1704417
1552209
1237125
1552292
1578375
1911667
1762458
1667875
2114042
1615042
1702500
1499625
1382667
1623125
1425083
1666042
1806250
1416833
1977000
1944042
1649500
1828292
1308291
1180416
1454291
1364375
1520084
1485292
1357375
1800250
1639916
1248500
1432708
1267166
1389708
1438208
1279042
1391333
1423958
1353333
1439625
1830250
1320708
1336000
1368750
1201083
1485042
1482667
1375333
1497916
1396958
1592333
1680000
1786375
1451667
1304375
1237708
1262417
1247292
1307875
1258375
1336583
1337166
1453625
1854833
1803250
1491958
1417500
1344042
1367958
1451042
1595833
1710208
1648458
1446917
1254167
1569209
1988291
1482333
1510625
1415208
1260958
1311250
1401333
1370250
1461208
1659959
1645125
1396666
1430125
1362875
1470375
1448875
1478000
1419792
1455875
1426292
1493167
1523958
1208791
1538500
1295042
1363459
1296375
1462667
1552959
1382209
1369500
1421250
1583166
1583875
1338667
1620333
1443666
1460167
1306375
1408042
1495875
1367083
1787250
1950375
1359000
1350709
1363291
1408709
1237500
1436000
1526292
1397084
1306041
1486042
1469333
1556291
1325042
1296792
1248834
1272833
1504417
1624375
1636000
1297208
1500750
1312250
1394500
1169791
1393542
1406625
1361750
1505792
1443083
1251875
1544416
1378541
1398167
1281000
1125792
1379541
1139458
1234667
1291875
1763542
1610750
1340750
1457875
1286959
1434791
1454792
1583667
1567708
1313250
1335583
1316542
1350083
1376500
1413250
1437167
1241375
1379084
1790459
1513583
1409833
1457583
1464042
1672583
1689666
1480375
1537708
1426375
1718625
1691875
1577250
1273042
1218250
1334208
1412708
1704959
1364542
1487958
1407958
1398125
1572542
2045458
1519541
1389458
1450708
1485208
1573542
1620291
1424584
1215542
1432750
1379917
1528083
1332625
1330750
1361417
1324542
1385667
1458208
1540084
1744625
1482125
1629292
1355167
1361875
1435000
1624125
1247750
1481958
1588584
1421333
1320542
1402208
1557208
1877959
1922708
1212291
1387875
1324834
1499458
1454541
1437333
1333209
1407875
1512167
1653625
1449291
1422666
1213917
1408167
1364083
1519042
1729583
1614209
1504375
1477125
1778333
1630667
1372083
1357125
1254500
1316333
1386041
1384042
1409750
1411500
1647583
2026125
1641875
1419375
1434625
1377416
1380750
1411875
1511125
1333041
1512125
1489916
1384375
1307042
1437167
1376500
1477583
1450125
1622708
1442792
1505125
1366292
1593208
1524333
1492500
1289000
1431750
1431209
1444667
1541334
1619125
1319000
1537875
1537666
1415625
1471166
1541541
1633334
1494875
1225416
1353792
1614291
1294292
1287333
1150833
1273125
2070541
1523458
1498833
1324833
1366042
1435875
1403958
1259583
1355250
1540833
1520458
1503667
1679875
1584416
1857959
1269208
1353750
1439208
1491708
1491500
1347750
1452208
1665750
1651750
1490792
1448834
1611541
1335167
1311708
1817083
1355292
1487167
1291459
1482833
1724959
1474792
1489125
1444959
1405833
1506167
1301458
1502750
1381458
1359959
1326083
1848750
1501084
1429833
1384375
1424208
1463875
1359292
1466250
1478459
1414375
1586708
1864792
1459208
1350291
1274333
1333667
1177875
1427541
1624250
1376417
1294166
1407792
1557000
1881000
1465667
1530792
1289042
1293083
1285042
1188917
1675083
1459208
1694375
1912417
1537875
1626750
1311208
1706916
1507250
1401542
1381209
1624583
1224292
1351125
1875833
1574458
1587250
1337459
1227833
1117333
1469750
1402667
1345833
1205875
1225292
1492500
1567042
1379167
1351583
1334375
1380000
1509000
1745375
1423542
1628583
1423708
1446875
1480458
1381958
1451084
1330667
1205000
1312083
1347791
1260000
1268375
1427583
1376167
1867083
1792416
1465041
1425667
1348375
1536167
1290083
1281709
1595875
1271083
1814125
1771791
1673250
1581917
1594333
1514042
1361459
1229792
1423250
1612917
1522042
1424542
1663417
1615375
1527000
1212125
1553042
1435584
1639250
1366291
1477208
1468875
1353167
1380625
2474417
1315375
1503083
1406750
1399583
1486125
1600667
1454375
1269458
1433167
1701833
1772167
1566208
1314709
1244833
1331750
1441750
1361666
1777834
1503042
1628000
1491667
1536750
1417625
1314000
1093083
1320583
1239292
1393792
1212208
1558000
1588334
1718583
1468792
1320541
1501625
1340917
1321917
1282958
1391917
1416292
1381083
1429334
1253750
1416250
1719625
1418042
1385083
1346417
1342542
1267042
1352125
1383375
1466333
1582583
1327417
1555375
1559084
1519667
1339209
1142708
1521000
1479416
1371584
1594500
1724083
1368458
1281250
1526125
2009125
1340875
1373500
1590542
1402375
1589833
1596875
1565125
1493125
1995000
2047500
1426667
1579750
1538792
1314708
1221667
1374708
1609500
1521792
1952042
1711083
1268000
1492834
1073875
1254084
1357000
1301459
1178125
1293875
1507500
1309792
1668333
1824750
1473584
1428084
1153667
1178875
1826500
1475708
1476792
1753167
1213833
1229875
1724833
1362958
1321542
1336583
1263416
1287459
1735208
1676000
1684333
1407542
3377916
1733250
1630416
1318750
1304042
1235125
1451750
1512750
1479958
1818459
1667042
1592083
1331042
1443000
1621708
1439250
1360333
1170208
1427041
1349375
1387917
1650334
1863458
1443666
1259916
1379459
1290291
1475833
1245250
1458458
1388542
1573167
1432792
1415667
1745709
1521959
1387334
1243458
1131875
1310333
1390458
1530125
1468167
1336833
1406667
1653667
1710208
1645542
1207167
1309750
1198500
1268959
1290208
1382083
1374375
1332167
1356916
1796209
1578625
1538333
1228875
1278583
1373708
1297292
1402667
1525250
1517833
1381292
2154375
1642959
1609875
1463791
1389792
1373209
1527166
1400375
1517625
1428416
1531167
1817417
1797750
1526541
1284209
1354458
1131125
1245917
1316458
1430625
1421167
1470958
1438417
1776250
1722375
1705750
1495459
1449375
1793375
1804750
1757708
1453750
1661125
1584750
1701542
1694291
1471333
1397584
1342417
1411375
1472333
1725667
1625125
1529042
1541833
1459375
1271334
1737750
1374166
1194500
1385000
1409750
1446292
2530209
1875208
1617708
1318834
1533541
1346792
1666083
1332084
1345583
1400375
1289250
1541084
1763916
1767541
1678500
1336208
1299042
1256042
1676625
1349750
1207708
1319875
1337166
1676167
1588917
1493375
1433125
1200208
1250000
1242041
1479958
1291250
1206125
1388416
1464584
1705959
1432541
1336417
1286209
1272333
1580000
1669000
1425667
1535458
1520291
1336625
1282209
1594959
1538375
1192833
1402708
1485583
1465000
1534667
1604542
1427750
1449416
1436291
1743334
1543375
1354417
1256916
1317834
1161542
1376333
1455666
1428000
1492417
1454250
1275542
2042917
1585750
1306500
1243125
1215708
1323958
1342666
1354083
1412334
1499875
1413917
1728916
1550958
1420500
1312333
1347459
1371667
1281000
1431084
1282375
1372167
1401042
2079708
1636000
1536417
1415542
1373000
1248666
1258958
1353709
1539333
1434833
1340791
1511250
1837292
1616791
1373583
1274417
1340959
1447667
1346083
1410125
1528917
1477667
1239125
1661500
1586792
1713125
1479750
1432750
1216125
1402875
1324791
1364042
1924125
1408209
1810334
1604125
1376709
1277417
1291125
1293500
1333333
1405375
1480875
1414083
1369792
1514333
1713875
1572125
1378334
1320292
1173500
1226875
1722291
1715417
1430333
1336000
1579791
1999000
1442292
1429792
1319625
1354167
1331709
1761083
1518500
1272000
1369083
1518083
1455667
1664750
1540584
1237375
1182834
1176916
1211750
1563667
1426458
1510916
1338458
1345000
1309833
1711667
1580250
1325041
1282792
1375125
1417041
1321500
1371625
1725375
1569208
1647250
1653833
1510375
1376458
1490333
1214417
1401625
1233375
1348000
1370916
1389666
1354541
1749209
1627583
1548833
1408000
1324792
1291083
1407125
1384791
1291750
1353250
1926083
2660167
2472250
1576958
1490084
1181292
1285500
1389167
1278750
1408417
1427209
1855875
1388375
1722542
1356750
1069250
1263542
1236209
1332458
1487291
1715959
1440292
1483083
1573708
1483959
1449958
1523792
1496125
1360541
1488250
1573708
1552542
1661333
1770833
1495208
1534542
1478917
1231083
1668417
1412333
1108625
1390042
1283792
1096625
1498042
1791667
1671875
1503750
1248833
1276125
1737666
1384541
1347083
1387292
1528250
1402500
1619959
1602958
1594166
1459500
1384125
1362375
1303834
1660291
1451708
1527833
1475208
1945125
1507458
1178375
1212000
1346209
1373708
1413125
1426917
1840583
1271416
1391250
1381792
1564167
1435000
1213125
1337708
1252083
1391667
1512833
1467083
1462875
1288333
1462875
1437792
1664792
1282375
1325333
1394167
1437708
1458000
1508958
1739417
1455791
1475833
1387125
1574500
1826916
1506458
1616041
1326833
1389458
1379541
1394333
1230709
1488542
2032292
2057166
1380791
1391958
1286208
1225125
1320250
1464583
1338708
1376666
1389917
1569250
2387875
2719292
1454750
1548167
1677458
1973458
1677000
1684125
1306792
2361334
2207042
1497875
1289333
1364084
1345792
1173084
1072208
971500
1372208
1717000
2246667
1370375
1325292
1465459
1373125
1248458
1264458
1255041
1226708
1198000
1206875
1367125
2147833
1684625
1111458
1248625
1168416
1092250
1424833
1181833
1498666
1407000
1215208
1391541
1572625
1928916
1461791
1284875
1228542
1208125
1320833
1221500
1180042
1207333
1222958
1390625
1409417
1948041
1502417
1196667
1153875
1168917
1129125
1115666
1129334
1144042
1299209
1293292
2453875
1864833
1389334
1226958
1064000
996542
1134625
1336541
1341125
1187792
1163333
1132875
1361833
1680041
2131417
1358209
1349667
1375709
1367417
1405584
1475541
1440000
1409083
1318625
1449917
1312208
1485583
1403208
1302209
1222250
1363500
1419292
1387000
1362667
1387208
1518500
1534583
1635041
1724333
1368458
1485916
1120500
1202959
1456000
1465084
1111750
1097000
1968458
9673042
1329125
1181458
1008375
1133042
1373000
1767875
1615125
2416542
1627125
1354750
1802500
1852709
1603333
1217958
2095750
1947625
1643917
1007000
1106750
1151958
1157792
1116750
1130458
1015667
1346542
1308125
1536417
1699125
1572000
1242333
1464042
1369875
1414500
1740750
1805875
1611000
1590875
1768500
1839292
1545792
1666083
1339333
1681250
1441375
1267709
1530834
1802917
1291791
1462750
1577791
1942958
1473583
1332292
1506916
1413166
1710500
1299833
1326708
1433458
1858875
2067792
1608541
1487625
1591250
1729250
1533541
1790875
1943833
1580666
1611750
1747625
1829250
1548042
1625041
1389833
1489333
1541250
1440666
1330167
1765292
1401833
1556125
1324459
1551375
1674083
1426458
1371459
1198834
1271583
1423500
1896375
1845000
1733000
1728875
1213375
1198709
1332917
1374042
1732708
1575875
1859500
1795792
1455709
1394125
1212958
1355167
1239375
1329667
1367792
1359625
1410709
1482750
1552750
1693583
1380500
1397583
1351125
1333500
1260791
1285208
1538916
1492792
1452875
1437500
1502167
1596750
1427125
1421625
1489542
1433875
1504791
1394292
1547667
1486458
1639708
1677625
1690709
1491500
1373375
1346500
1226250
1241833
1430000
1348333
1327834
1469291
1322208
1462709
1422292
1228959
1217000
1286917
1292833
1214958
1439958
1326458
1472417
1268709
1409458
1460916
1949958
1527000
1310084
1323500
1267000
1449875
1351333
1499833
1556084
1503792
1846709
1479916
1323000
1361125
1335000
1409334
1401500
1357917
1360958
1452833
1346917
1393750
1889042
1554708
1341875
1320250
1457167
1389084
1611500
2351417
1201209
1600625
2414250
1566209
1377750
1532334
1586875
1547708
1514875
1396667
1578375
1626291
2137458
1411541
1528000
1337334
1240542
1505042
1582000
1360333
1248375
1404334
1290875
1390583
1611916
1561375
1461708
1389125
1252500
1214458
1506125
1506333
1372166
1272458
1342167
1484084
1454792
1414709
1478250
1306000
1313666
1613167
1373500
1502834
1418375
1454875
1601541
1626500
1631333
1372000
1234417
1397708
1418333
1528375
1373333
1311875
1405667
1519459
1418458
1620583
1526875
1578667
1224291
1323750
1368791
1397292
1564333
1738500
1562958
1710166
1514500
1534416
1507833
1408500
1231917
1383333
1401708
1367250
1527750
2473584
1814834
1573792
1414917
1364000
1312417
1422625
1509208
1400708
1343917
1324167
1369125
1288500
1092209
1285000
1404750
1151875
1084208
1275125
1559917
1216667
1266833
1242583
1128875
1307042
1534834
1430000
1427750
1642166
1095250
1224792
1224166
1370083
1384458
1398167
1534292
1406875
1403292
1561583
1241042
1381042
1425292
1396250
1512208
1517125
1625333
1460333
1302875
1297708
1226750
1520417
1750292
1315000
1388875
1340750
1807916
1342042
1535792
1513417
1188708
1113750
1461875
1679209
1414292
1264666
1168500
1582917
1750250
1348375
1504042
1191000
1157167
1269792
1221792
1425584
1572750
1252667
1256041
1985583
1776375
1472208
1341125
1414375
1240917
1436958
1236833
1451250
1558417
1118125
1389583
1672875
1764542
1426541
1427917
1409625
1601542
1435250
1517875
1527209
1525958
1368208
1471917
1238916
1390834
1330458
1518125
1424333
1449166
1537917
1525541
1385291
1552208
1576084
1503583
1446584
1406084
1454375
1314708
1365750
1341000
1331000
1225916
1303458
1275125
1387791
1441750
1469000
1694791
1614084
1377625
1369250
1539083
1507833
1533917
1475125
1661041
1337375
1373958
1405166
1313208
1281834
1619417
1362250
1375208
1463333
1599917
1399417
1563750
1294292
1352375
1482250
1713458
1316334
1464750
1407041
1333459
1296750
1288416
1475417
1500500
1393125
1346458
1511542
2362500
2331250
2900000
1846417
1935625
2033042
1769792
1712666
1552333
1623292
3286917
1969250
1992333
2977792
1584167
1390583
1291375
1471916
2051875
1518042
1535583
1553542
1509708
1444584
1248834
1378458
1293792
1414334
1502542
1287375
1411417
1530833
1682583
2016708
1590084
1497542
1318083
1295125
1186541
1360458
1455292
1344167
1360875
1838250
1442166
1245417
1214083
1335792
1230792
1332416
1347709
1545791
1445667
1336125
1281292
1469166
1685459
1584584
1163291
1356417
1382417
1431958
1445084
1539916
1669416
1426417
1563375
1695500
1656916
1510375
1432458
1457292
1463042
1269209
1722125
1529375
1446500
1498750
1593250
1427542
1389208
1524500
1499625
1710375
1355250
1385000
1520583
1349500
1232833
1485167
1460917
1394709
1409834
1407959
1382000
1366875
1561167
1427667
1320625
1398542
1773625
1713125
1507917
1414791
1186583
1213333
1333792
1405833
1456167
1458292
1349458
2026792
1619542
1574292
1217333
1347208
1303791
1313416
1341833
1541583
1330042
1367959
1341000
1631750
1372709
1630834
1524458
1564584
1407958
1373291
1451291
1640875
1344875
1572125
1908666
1597208
1942625
1260333
1328083
1237000
1442917
1242542
1296000
1241250
1469458
1922625
1577750
1234167
1331417
1583333
1351333
1437416
1482000
1412708
1491250
1581083
1356917
1421209
1388333
1385041
1465583
1382042
1410083
1406916
1479625
1344750
1570292
1437041
1581250
1637375
1400833
1363208
1162584
1724125
1799458
1377125
1494875
1468583
2002375
1618917
1699416
1354834
1226042
1351750
1528959
1701958
1587000
1616333
1557209
2162708
1755000
1423042
1508292
1707458
1669208
1754750
1450084
1220041
1473625
2554750
1747959
1468625
1353583
1397209
1664500
1558833
1280833
1319958
1057125
1407709
1567125
1497875
1245750
1255000
1445542
1233083
1391792
1535292
1696250
1467458
1307042
1692417
1657667
1646917
1494209
1637333
1364459
1381209
1515250
1429625
1276667
1103625
1365458
1261958
1505084
1617083
1408959
1327208
1745917
1779625
1322333
1598833
1477084
1906166
1671792
1565041
1699125
1392500
1690042
1455417
1796792
1438708
1361833
1415667
2174042
1679750
1531333
1237833
1160375
1422292
1428083
1206167
1514459
1217708
1205875
1447334
2153167
1820584
1297459
1650959
1508375
1404875
1349625
1426458
1349333
1722750
1519958
1868000
1281708
1891833
1592250
1596625
1623709
1563542
1295667
1262666
1251667
1592417
1641584
1507834
1475500
1446958
1740083
1322166
1495583
1244167
1326333
1336709
1550625
1739542
1550458
1433417
1471208
1302500
1327416
1343416
1249750
1330666
1297417
1601625
1623833
1721083
1432666
1471167
1308292
1218750
1417459
1336125
1371584
1431250
1399083
2012208
1870833
1650125
1412250
1494083
1314625
1504542
1581000
1515667
1459792
1627459
2028333
1753458
1387083
1378083
1444459
1551125
1328250
1497625
1713625
1648209
1880750
1316250
1350750
1107416
1289375
1653709
1438958
1506416
1259708
1435416
1339750
1785375
1652917
1392125
1400166
1250542
1206708
1166834
1350458
1389958
1467333
1391625
1630292
1887083
1713916
1500625
1526250
1244125
1323667
1401750
1293750
1426666
1474792
1321125
1842083
1714042
1434458
1713041
1603500
1313417
1390167
1662458
1552000
1561542
1719833
1521542
1387625
1276625
1154333
1353125
1218834
1400416
1387375
1421917
1280250
2084875
1693500
1679708
1566500
1463042
1307000
1219333
1286209
1330125
1238333
1150500
1505750
1504041
1929792
1435417
1244833
1212542
1350666
1276875
1417500
1449584
1385708
1334042
1289667
1592875
1676834
1525584
1310792
1331625
1305584
1350042
1418792
1763167
1457542
1397250
1667083
1566750
1395334
1346958
1323250
1384459
1465917
1678292
1597875
1372959
1582250
1665667
1771667
1556250
1371709
1354292
1198375
1431000
1510875
1438291
1431167
1581625
1549750
1835042
1685167
1439000
1344875
1319500
1470292
1325750
1372834
1433750
1483167
1418208
1727042
1584167
1549125
1553208
1372625
1357292
1746125
1685209
1309375
1325875
1393625
1548958
1644625
1415083
1398708
1286458
1564750
1336625
1498584
1629375
1586417
1299708
1546875
1355167
1512250
1300166
1278750
1397083
1482417
1213542
1557208
1753208
1184084
1659833
1966500
1527208
1523250
1388084
2011959
1455209
1362666
1614334
1331625
1518875
1564250
1408708
1315583
1270667
1336250
1226500
1510167
1302750
1367541
1621666
1244625
1315459
1478042
1396167
1490291
1251541
1505583
1258833
1760833
1472125
1516125
1507041
1445833
1635500
1615791
1482500
1712125
1253208
1452542
1331292
1347250
1505709
1372125
1326291
1484500
1534708
1487625
1826708
1572000
1292625
1313917
1317375
1329583
1253833
1358917
1458084
1439041
1487333
1445750
1345958
1461500
1406708
1532167
1429375
1507125
1704208
1350417
1367250
1621750
1549208
1392166
1513833
1343375
1336250
1435334
1324083
1426667
1474667
1543625
1495292
1562292
1253041
1337834
1280333
1431000
1374334
1595083
1146833
1316000
1367625
1796292
1482792
1340083
1540708
1233792
1269208
1498458
1543750
1623042
1701334
1142708
1520416
1787792
1288583
1424625
1560250
1440083
1498542
1573750
1562584
1327958
1602167
1511375
1490125
1409500
1501791
1440959
1480666
1310209
1570417
1405416
1218125
1311125
1342916
1364666
1481041
1482625
1302291
1380750
1260250
1419917
1398417
1468792
1413709
1834875
1869875
1424708
1434208
1450625
1407292
1391250
1428416
1474125
1480791
1387000
1421750
1826709
1829958
1730042
1400458
1245334
1261625
1291042
1472791
1451375
1210583
1171125
1340084
1659250
1783666
1418167
1410125
1356333
1273542
1267084
1360958
1567333
1378125
1388750
1590417
1692208
1439542
1295083
1237416
1110750
1435625
1480583
1585708
1374667
1350917
1509167
1560083
1684750
1295375
1277583
1240042
1329250
1327959
1317000
1802125
1447459
1476000
1595084
1649000
1333750
1170125
1440458
1273708
1255000
1645500
1405584
1544958
1443834
1752166
2118667
1601541
1383041
1315417
1399208
1697209
1463416
1619625
1341583
1319416
1390792
1909750
1312041
1378583
1351666
1209833
1204167
1414209
1577458
1346875
1302375
1331583
1511291
1607291
1465917
1337958
1228208
1132000
1318041
1334250
1274250
1539000
1500875
1485375
1652458
1761125
1653666
1406709
1274667
1382125
1316417
1470541
1342458
1434000
1398875
1962792
1621250
1545292
1434583
1314167
1403583
1358417
1484333
1488458
1459834
1482042
1942625
1407958
1565250
1339083
1277667
1291417
1413750
1470500
1445416
1658250
1680708
1512833
1685042
1576750
1402708
1270209
1123667
1798875
1819000
1283666
1253167
1327000
1538166
1816750
1632500
1456792
1426708
1469417
1362791
1687125
1467500
1774250
1995417
1612000
1420000
1225333
1211292
1039083
1340292
1628500
1563375
1262750
1422917
1382292
1576959
1802542
1595875
1481500
1482292
1700542
1532417
1512250
1317125
1392417
1193042
1892541
1740708
1438375
1302291
1340125
1470209
1520916
1343250
1671500
1479709
1427375
1361250
2040667
2180584
1537541
1402917
1492375
1815208
1726584
1772625
1463333
1899583
1842833
1773584
1529792
1439916
1434292
1671792
1758625
1404666
1571500
1938042
2050292
1485083
1434958
1067583
1199208
1172417
1101334
1322375
1821416
1688458
1940042
1661834
1337500
1362041
1300584
1347084
1245500
1433000
1447041
1594833
1527167
1523250
1796625
1598917
1404500
1458000
1556500
1453625
1467083
1549666
1279792
1545583
1446667
1542666
1315958
1443541
1424750
1372458
1595541
1461708
1451792
1324750
1396750
1442375
1956375
1614042
1215625
1173542
1556208
1535125
1295708
1461125
1371542
1321250
1641583
1608917
1938083
1607375
1373250
1264958
1195000
1667208
1476166
1352666
1561500
1533375
1667500
1680292
1475333
1323500
1142208
1445042
1530084
1817500
1458000
1293708
1514166
1563959
1599583
1607333
1262500
1195875
1225292
1414834
1633959
1461167
1675583
1440834
1648916
1933667
1728208
1376041
1378041
1255125
1411750
1528917
1335083
1349292
1268584
1500833
1642041
1634292
1387958
1290125
1275834
1259250
1301583
1527834
1379291
1440167
1479375
1959250
1288791
1288875
1328125
1219959
1339833
1592375
1862375
1214917
1271417
1277416
1805708
1628917
1541959
1538750
1256417
1218750
1224166
1539250
1493959
1493375
1539916
1397917
1515833
1516708
1333750
1420334
1410708
1277917
1695625
1501166
1371667
1412791
1344917
1702834
1584291
1454500
1452625
1404875
1350834
1230208
1314000
1541625
1524209
1393709
1398458
1637875
1478875
1511625
1466458
1384083
1293500
1399375
1528208
1325209
1330083
1394458
1635208
1638125
1319875
1173125
1154667
1415208
1197833
1398833
1683125
1376792
1351125
2589125
1524708
1299708
1408333
1264167
1260500
1493000
1392625
1670000
1216625
1372750
1393709
2366792
1462583
1365375
1351833
1315000
1402583
1537667
1596334
1564417
1542000
1369084
1568417
1505750
1546042
1449375
1293000
1349167
1527458
1395916
1280458
1393875
1457167
1595708
1463708
1601833
1405500
1349375
1396917
1474208
1512750
1495166
1343500
1327584
1503584
1711792
1421875
1512083
1324416
1318417
1116708
1302750
1445042
1771416
1603708
2775334
1746958
1565041
1312250
1475834
1249333
1383042
1404625
1350917
1294875
1294250
1888250
1689375
1588500
1296208
1338667
1424625
1328917
1530209
1529416
1471709
1927083
1695458
1456250
1617333
1298000
1410208
1235250
1207333
1337292
1319917
1433875
1749792
1491625
1751958
1527375
1511125
1238583
1368459
1419000
1509084
1483292
1221709
1289459
1327083
1525000
1401083
1297333
1441208
1420666
1671875
1700833
1648291
1299833
1243791
1151167
1644958
2257292
1518583
1353625
1282750
1338875
1149583
1366125
1374791
1394542
1259750
1505000
1649583
1538875
1562500
1401750
1393709
1243792
1226833
1560667
1397542
1391834
1707875
1936167
1625459
1335458
1308083
1264625
1218083
1274792
1443208
1637958
1299792
1189958
1789125
1681958
1691417
1402708
1490583
1436792
1265500
1192000
1321583
1320666
1491791
1390584
1474875
1591208
1533292
1494417
1361875
1473542
1482125
1611209
1338125
1614041
2158708
1919334
1429667
1475916
1308083
1219958
1326166
1186000
1303750
1352208
1307084
1441875
1533541
1753625
1423208
1475917
1359958
1425125
1378792
1518541
1382834
1530542
1260250
1295125
1374417
1515458
1485333
1248000
1169625
1248250
1219583
1515209
1316000
1372958
1255875
1184500
1984375
1519042
1549000
1237000
1341125
1249417
1434708
1597208
1560166
1474500
1177542
1517500
1762875
1473583
1420542
1370500
1118208
1529708
1357292
1491625
1613125
1440292
1219292
1617250
1539125
1552084
1236917
1336209
1184792
1342708
1417750
1476750
1501125
1386625
1562875
1489000
1624833
1602958
1293000
1482125
1749208
1430208
1501583
1442250
1526917
1531625
1553291
1293917
1343833
1425000
1607916
1541708
1434166
1549792
1392750
1316166
1371917
1990250
1424500
1478167
1300750
1260500
1372166
1358042
1339584
1711875
1398542
1680750
1756500
1567333
1615500
1485542
1419542
1479250
1512875
1490583
1365375
1362292
1967542
1415500
1275792
1251167
1680709
1283250
1565041
1322625
1516792
1226708
1212834
1387958
1387875
1526250
1515125
1193291
1366542
1281791
1243458
1540583
1446208
1260041
1235792
1339958
1329917
1559417
1577750
1289792
1434458
1445625
1406916
1444375
1272375
1280791
1521791
2040541
1726167
1550416
1710666
1313625
1349375
1352042
1364208
1321875
1358958
1497083
1766083
1695791
1600416
1252875
1480417
1373917
1285542
1722208
1379958
1448375
1284000
1346042
1151042
1302542
1284417
1308500
1334625
1364583
1363167
1296208
1540792
1459041
1296042
1409459
1399375
1365125
1325708
1375125
1475375
1341708
1499417
1218792
1415250
1636084
1564333
1433916
1383583
1316250
1290666
1517708
1409375
1415583
1421833
1379292
1291958
1617500
1543958
1620666
1444792
1657125
1823792
1783666
1756958
1676416
1773500
1749500
1707792
1771041
1828416
1687083
1622917
1720084
1629875
1612000
1909208
1503375
1555333
2003791
2009250
1326583
1505375
1218292
1651666
1662292
1394541
1500583
1513250
1837458
1704917
1154875
1008458
1031792
1211375
1355750
1145084
1308250
1722833
1461250
1402459
1606167
1495875
1513375
1006333
1392292
1190209
1255208
1117542
1630375
1398000
1582833
1741500
1693750
1565292
1335875
1382500
1544958
1581250
1587917
1791333
1439542
1478208
1577875
1698875
1294500
1250417
1125459
1271208
1163250
1107333
1051167
1557583
1545459
1523333
1449042
1533083
1154500
1105666
1385625
1441958
1534333
1704458
1425917
1669291
1312917
1400042
1712083
1496584
1384542
1562375
1308042
1293125
1364125
1340833
1648334
1426167
1289792
1464292
1593416
1392250
1381833
1233500
1327459
1299667
1305958
1479375
1473167
1282459
1779833
1544792
1661958
1468834
1745750
1309292
1532666
1368583
1575625
1357500
1350334
1260708
1908000
1673042
1422083
1337250
1305458
1307750
1193042
1487708
1520125
1632417
1554709
1638750
1890875
2004625
1089541
1288875
1334625
1296792
1521292
1563250
1349750
1305625
1362917
1697291
1505166
1824375
1325458
1517958
1388875
1435583
1203750
1395167
1279125
1175417
1462125
1473625
1339000
1544500
1348500
1111334
1285917
1179500
1308250
1276833
1356417
1216917
1490208
1811834
1527917
1728375
1463917
1250834
1314708
1398458
1606083
1474750
1247750
2155791
1582750
1499667
1477292
1427542
1348833
1492125
1346875
1527208
1633042
1443667
1473000
1711333
1395416
1358375
1241250
1225625
1341041
1572584
1602583
1514625
1366417
1445708
1644458
1298500
1436167
1255667
1225750
1213750
1366000
1339875
1596083
1535167
1377875
1569875
1506958
1404667
1488833
1345208
1170333
1195125
1258917
1326917
1239125
1357167
1407833
2085083
1482250
1391167
1153167
1235417
1394833
1313042
1563166
1493708
1356792
1378209
1350417
1341625
1518250
1269084
1566042
1479583
1096500
1431833
1565833
1638500
1442667
1392041
1511333
1435292
1396375
1615416
1316875
1823458
1322666
1382792
1383333
1534333
1481292
1617084
1750834
1364042
1455333
1371333
1459125
1565708
1339375
1322584
1324333
1561000
1453458
1772500
1601333
1230584
1323000
1831500
1442709
1354000
1819125
1361750
1427750
1330958
1935750
1808792
1467375
1385375
1262292
1340083
1271625
1328042
1392833
1344792
1295916
1805750
1600208
1432583
1472333
1232833
1166667
1175500
1418500
1426917
1391459
1446042
1470667
1896958
1669583
1372167
1361708
1280333
1290084
1269625
1253416
1378542
1699708
1332333
1492833
1511417
1344750
1452792
1590541
1174833
1329834
1201000
1287541
1350792
1426250
1367083
1587458
1686167
1522791
1441250
1311417
1675250
1242000
1308583
1272625
1304375
1395375
1357958
1618834
1674708
1478958
1348541
1446792
1307542
1285750
1233000
1254416
1384792
1430000
1642375
1618500
1626083
1693625
1266042
1195833
1273375
1269875
1129167
1371875
1398375
1434292
1312000
2002542
1341541
1485083
1238750
1255042
1277667
1203875
1519666
1608792
1303500
1366500
1426542
1330125
1343625
1198209
1379166
1389667
1528375
1528000
1505875
1762625
1515250
1735750
1675167
1452667
1505375
1522167
1291792
1474834
1437833
1517208
1305709
1392833
2078500
1949208
1935209
1318542
1398333
1531625
1427458
1485541
1529042
1340708
1297417
1349833
1483792
1488959
1084875
1287000
1255375
1343459
1297459
1302083
1511208
1354625
1360875
1539792
1627833
1467375
1200208
1282584
1201541
1239875
1428791
1250708
1288917
1283833
1562958
1459333
1686584
1718792
1377125
1447750
1429875
1379875
1357750
1265917
1236958
1407375
1966417
1596042
1254209
1348500
1202000
1426084
1420875
1517208
1564833
1575375
1441541
1511292
1700959
1639875
1492625
1423792
1370458
1218416
1604542
1467333
1643583
1367708
1688000
1913334
1508583
1286292
1366250
1322625
1290542
1183000
1512834
1301125
1189375
1343000
1711500
1821750
1959625
1460166
1469834
1309583
1294500
1547000
1807667
1503500
1766500
1536834
1884792
1386708
1310458
1392083
1315083
1348333
1503000
1556792
1440000
1606625
1293750
1650875
1458958
1515250
1305667
1346500
1332834
1309625
1544000
1513584
1490708
1949083
2022416
1894958
1559167
1699916
1480459
1566541
1548250
1602083
1283208
1612375
1511250
1393083
1339583
1218167
1324500
1720500
1316333
1385167
1266208
1287083
1298959
1502292
1942959
1463917
1498792
1277208
1183625
1448541
1604958
1328583
1704417
1330625
1390583
1465917
1441375
1341000
1430875
1321583
1415625
1741333
1739084
1436959
1391667
1684458
1786083
1589209
1471375
1218750
1289083
1372833
1365916
1498334
1303750
1524666
1540833
1489750
1338375
1268791
1505209
1359458
1231459
1289833
1359708
1270666
1313292
1204875
1371958
1859834
1561417
1338167
1330125
1387167
1221583
1530750
1481750
1721667
1423625
2038250
1904500
1420042
1281458
1470916
1180125
1380125
1539834
1303625
1487000
1395042
1378666
1808792
1628542
1570250
1272125
1315958
1376209
1329250
1373584
1378041
1466917
1445500
1590167
1559000
1453209
1414792
1427458
1437209
2197083
1520708
1358709
1451209
1497500
1579917
1546542
1571500
1395500
1611708
1522875
1623291
1363709
1490250
1364959
1740875
1676833
1352875
1309750
1474666
1381291
1164625
1573792
1827208
1457875
1435625
1453000
1567750
2001917
1394375
1258417
1656833
1494583
1442541
1936041
1308334
1315458
1752791
1458000
1732792
1611542
1455833
1537167
1380125
1654666
1299083
1259208
1386875
1456417
1835209
1631958
1458375
1444250
1420500
1308625
1391417
1432125
1244458
1383042
1226959
2606333
1569916
1352375
1434000
1302625
1482209
1322750
1487250
1440417
1364750
1408167
1784041
1471000
1375959
1403375
1279083
1285250
1490958
1472834
1461000
1384458
1390375
1520417
1500959
1433750
1382625
1423250
1375000
1386041
1526041
1634875
1464417
1366500
1321916
1462875
1383750
1454041
1458334
1497167
1381375
1431875
1432416
1694959
1411000
1774666
1802875
1728750
1156500
1480250
1238250
1204334
1673542
1523542
1476125
1383709
1504625
1444000
1389458
1585042
1377000
1915375
1300333
1327292
1440583
1416500
1391625
1460125
1526459
1568875
1460209
1365209
1428459
1398916
1360958
1515959
1462875
1673792
1709542
1546833
1617166
1554292
1321708
1388542
1474125
1466375
1457500
1756250
1178458
1357458
1545375
1634000
1606875
1317583
1213084
1385500
1391208
1469334
1496084
1352583
1486000
1407834
1514208
1672875
1522084
1390584
1259000
1293375
1344208
1265875
1402708
1302916
1350500
1546458
1762250
1791167
1504375
1405167
1579083
1500042
1503167
1488042
1306416
1441000
1797541
1747250
1397250
1258959
1452208
1275667
1332750
1499125
1569917
1461875
1512334
1701792
1538791
1389625
1646291
1263375
1284917
1309667
1274084
1282250
1372042
1505334
1461250
1688459
1496333
1567292
1455875
1352750
1306167
1327875
1530375
1402458
1430750
1382083
1605958
1690208
1522750
1538042
1277208
1225083
1260042
1369458
1401584
1431666
1393250
1477750
1550166
1667667
1355833
1243250
1333083
1366833
1205917
1404042
1526417
1343833
1357917
1509541
1616542
1546459
1355584
1322833
1501292
1361959
1287833
1266083
1915709
1630500
1506250
1634167
1413000
1201541
1199709
1415292
1433791
1428834
1533000
1460917
1351625
1497167
1476042
1560459
1404166
1398250
1348208
1397083
1373667
1486042
1387125
1563000
1369500
1396250
1846709
1562458
1123584
1195458
1344542
1193458
1151042
1191291
1246416
1410792
1370584
1379709
1516208
1378917
2168500
1296625
1363375
1516209
1481291
1445417
1291000
1304250
1433250
1575750
1495000
1662959
1437209
1310750
1281292
1330791
1315959
1371708
1506625
1366541
1569583
1786292
1366250
1311083
1649958
1342125
1437250
1389708
1188250
1206708
1238625
1415166
1323166
1532208
1626584
1216958
1472000
1422792
1304834
1307708
1405500
1435417
1295666
1472291
2040000
1619834
1460083
1286791
1272042
1422334
1195416
1482959
1444042
1376542
1468375
2329166
1707708
1405542
1231000
1253541
1191209
1316334
1523250
1455333
1391000
1306083
1769916
1529041
1434083
1430792
1464583
1257125
1317666
1496333
1543917
1501041
1489291
1464209
1458333
1327625
1519000
1467625
1259708
1313542
1385500
1607625
1368292
1479041
1220666
1373917
1923459
1757125
1497125
1445042
1308958
1372667
1244500
1438500
1359292
1326708
1529750
1661709
1512875
1350000
1177041
1322917
1297792
1368333
1381250
1456125
1299083
1358750
1500166
1465875
1565667
1195875
1220209
1371333
1624667
1288583
1411375
1394458
1292666
1371167
1355833
1734417
1471792
1506875
1443542
1421666
1695292
1249875
1144042
1385042
1503875
1537500
1495875
1460459
1249042
1280000
1464959
1279958
1306541
1429000
1464291
1262291
1411083
1546834
1727333
1664125
1593542
1103125
1162333
1139709
1249459
1596709
1627666
1521750
1403042
1484917
1889916
1431292
1301167
1371125
1330000
1277583
1490208
1372916
1433875
1225709
1442083
1477083
1509750
1261167
1356459
1312250
1327417
1167959
1277083
1402625
1340750
1290792
1362167
1317250
1359125
1408958
1342250
1423542
1246750
1373375
1431167
1379042
1566958
1363375
1400375
1883041
1949500
1620334
1329792
1292709
1260208
1262916
1334542
1385209
1685834
1970791
1679709
1233916
1207084
1281667
1199541
1383250
1389416
1475000
1336042
1468791
1349750
1637708
1595500
1568542
1378000
1350959
1303917
1137708
1242584
1303084
1263833
1192875
1450500
1534792
1620417
1471292
1386250
1267458
1350459
1245708
1349875
1573875
1429916
1565542
1368417
1849750
1560292
1398500
1947250
1388083
1166667
1279333
1239000
1603500
1372833
1281541
1350500
1541292
1600042
1347333
1387041
1336167
1272708
1445375
1462250
1524334
1872208
1319042
1661916
1431833
1370458
1340791
1291541
1386417
1333709
1305333
1445333
1286750
1573417
1864166
1476166
1502208
1244167
1406000
1548709
1396250
1440584
1320959
1221917
1251084
1853083
1781000
1428708
1301291
1453542
1362375
1521125
1408000
1667000
1623125
1312917
1350167
1632834
1545500
1452500
1231125
1438917
1466875
1382333
1351083
1516500
1281875
1398459
1763250
1800250
1513250
1341792
1544083
1207833
1538292
1447417
1557917
1338208
1251292
1323125
1535833
1408333
1492334
1428583
1980958
1410500
1508084
1607625
1381083
1371333
1773834
1594792
1454250
1482792
1549750
1760875
1566625
1464375
1555458
1432834
1493125
1420708
1502459
1175625
1460792
1358666
1646417
1567666
1504125
1249916
1616250
1371375
1642667
1867875
1626333
1318542
1227667
1261625
1383750
1073583
1394167
1414209
1435916
1699125
1934625
1764292
1435667
1397417
1444333
1579042
1663583
1299834
1536125
1801041
1875083
1601333
1773125
1487166
1395792
2176458
1752416
1666000
1467834
1845042
3872584
2320000
1985458
1814917
1621750
1543417
1869000
5284750
14525791
1987000
1385958
1396375
1374583
1288834
1438583
1269833
1255041
1154750
1276833
1541333
1673083
1439000
1440750
1239834
1227083
1217416
4520666
4136917
4085209
1573292
1151000
1191750
1456292
1204375
1097459
1203125
1120250
1102500
1332959
1349916
1380833
4464083
1927416
1467791
1393792
1073417
1240292
1494667
1555125
1740500
1470541
1165125
1200417
1233875
1171750
1238208
1352750
1061375
1098750
1365416
1566791
1708208
1375334
1359792
1283459
1328500
1272959
1361125
1373667
1259166
1395542
1435792
2069666
1631917
1373792
1245375
1432542
1309375
1251416
1263166
1339083
1458042
1274042
1290583
1327584
1295125
1301875
1287083
1361042
1215167
1209167
1363958
1341958
1482834
1431958
1546333
1474459
1476667
1242875
1273959
1383750
1347917
1228875
1416542
1412250
1356792
1343292
1366541
1403458
1444250
1364042
1491375
1369333
1408125
1418334
1429167
1495250
1408292
1364042
1529250
1311042
1367917
1595792
1509709
1415041
2142708
1131416
1329833
1140250
1370250
1516916
1940542
2513708
1475709
1273208
1355458
1414667
1420166
1746459
1655459
1275000
1309791
1380834
1427542
1354667
1394750
1345125
1175334
1284291
1438792
1772041
1493750
1610708
1556792
1392625
1312916
1348292
1438208
1229125
1287542
1359375
1430792
1486583
1271583
1574084
1608292
1451042
1408583
1205292
1159958
1271625
1519542
1522792
1553666
1287333
1386042
1500459
1930125
1458083
1309708
1209708
1346375
1338209
1327708
1562875
1355083
1269333
1832333
1709750
1508458
1460292
1365667
1354917
1252166
1384459
1568250
1596833
1390875
1521750
1799583
1673750
1331959
1368000
1385500
1429083
1404875
1372500
1394875
1465834
1414667
1394000
1528583
1498709
1341291
1442667
1392417
1511667
1322167
1548458
1281375
1244083
1389416
1793500
1464667
1520375
1347709
1295167
1261917
1155125
1258250
1557041
1670917
1335125
1338791
1505500
1397875
1322583
1300792
1491083
1427292
1418250
1459375
1587292
1627708
1380333
1389333
1438667
1499667
1315292
1465291
1394500
1262125
1202708
1281291
1285875
1411209
1386542
1534958
1406125
1704208
1521083
1316917
1133250
1411708
1349375
1766084
1515666
1291833
2004625
1671958
1434458
1293916
1170000
1242958
1193000
1522833
1254166
1424750
1383416
1335459
1985250
1740125
1696959
1380500
1143959
1296375
1328250
1424667
1435584
1425583
1359416
1966291
1355584
1270500
1262625
1327666
1232791
1306542
1406917
1310625
1560833
1345291
1484583
1751250
1606958
1631208
1593917
1405333
1496208
1494167
1404916
1423625
1247500
1815042
1765834
1456000
1404750
1296833
1382292
1184083
1226916
1302250
1278791
1508666
1415041
1616708
1553792
1639333
1283375
1264041
1449709
1534791
1442333
1564459
1648833
1409375
1817542
1539666
1484583
1636833
1489709
1380416
1335375
1400959
1254209
1354417
1642375
1502041
1717500
1558833
1607791
1465083
1293250
1138375
1449125
1398250
1399292
1306500
1669667
1664291
1332750
1386750
1284792
1356375
1332667
1447917
1661375
1609292
1449583
1520708
1514291
1642542
1543958
1456334
1763167
1285917
1195375
1315667
1242750
1273958
1307417
1686458
1872958
1556000
1489833
1357083
1221500
1696125
1333292
1257209
1391708
1281958
1340542
1710250
1621209
1466791
1460792
1552958
1325250
1413083
1376666
1455792
1349709
1707000
1533417
1460291
1471750
1437875
1345042
1412667
1369584
1455792
1544833
1226375
1312125
1400084
1788959
1434500
1464666
1270292
1329458
1448916
1526750
1545250
1693250
1398375
1504583
1668416
1745209
1344750
1363792
1423875
1359750
1316416
1687750
1393334
1408708
1368750
1620375
1656500
1311125
1519291
1437791
1430875
1431125
1507792
1510791
1441541
1566666
1690917
1552250
1293250
1349292
1363959
1194792
1425375
1569917
1741709
1290500
1425167
1856333
1692083
1420208
1291000
1419750
1412209
1230875
1377750
1281667
1152000
1195042
1245334
1377417
1726917
1605792
1361333
1311417
1201708
1261583
1553791
1450167
1537750
1955958
1814000
1568625
1281542
1190042
1234667
1351833
1535166
1496792
1451750
1410833
1358500
3162833
1845333
1522708
1253125
1213083
1125083
1353625
1290167
1525000
1480542
1842125
1741167
1555208
1386750
1257625
1228083
1263125
1380875
1287416
1484917
1344250
1279250
1319958
1869125
1771041
1587000
1376125
1220334
1135667
1296416
1289083
1398625
1307709
1471583
1671417
2022125
1546208
1375291
1206500
1278667
1651750
1445250
1612167
1412916
1465750
1826959
1733292
1346625
1434250
1172459
1314542
1445208
1278500
1451750
1328500
1233083
1484500
2034666
1796791
1580375
1269833
1439209
989417
1661958
1527500
1587917
1387042
1395584
1486459
1481000
1439083
1217375
1278250
1367417
1436375
1561834
1648250
1355334
1414375
1898291
1596208
1666708
1926875
1386834
1212458
1353084
1760500
1952708
1221500
1462208
1810000
1844750
1532250
1327916
1468333
1296208
1373750
1598875
1525625
1506583
1938500
1960166
1601417
1743708
1853875
1501125
2069500
1599292
1575792
1694625
1736125
1649000
1366292
1376583
1397083
1483083
2899292
1602500
1209584
1541750
1367375
1262709
1071167
1518458
1282792
1602292
1551584
1435459
1460500
1486833
1398125
1434208
1477375
1370000
1408416
1318875
1372875
1492583
1497875
1232833
1500667
1407959
1609667
1332708
1547042
1552250
1612167
1436417
1456250
1461666
1540375
1211542
1145583
1178333
2269541
1931334
1275375
1258500
1355542
1497000
1449208
1116208
1182750
1296042
1335708
1624958
1572250
1735708
1414375
1307834
1331000
1825167
1384584
1935417
1627334
1590083
1382583
1499250
1525500
1780709
2042000
1657166
1795625
2932583
3438792
1546542
1830250
2980667
1514209
1350917
1221833
1301334
1427958
1570583
1806291
1746458
1484917
1398459
1219541
1320042
1156541
1554250
1406417
1512292
1302833
1291875
1473625
1652166
1577334
1264833
1569208
1392250
1457958
1210333
1504125
1264084
1557500
2010666
1437083
1614000
1560958
1353042
1277584
1207166
1165417
1148417
1416125
1438917
1357542
1523125
1323292
1359458
1539042
1517291
1542208
1413084
1489333
1433083
1110917
1219208
1514291
2021541
1812167
1494542
1314209
1364625
1374666
1498250
1513292
1311250
1400667
1353625
1625125
1421500
1316417
1320167
1294042
1401042
1379458
1360958
1392750
1691875
1257875
1494250
1594333
1487833
1456875
1295333
1370708
1642042
1519333
1577958
1758500
1339458
1696750
1526292
1325709
1111334
1378125
1305375
1400083
1547208
1640417
1509375
1684167
1762583
1972541
1612125
1547250
1255875
1348583
1403333
1442584
1326291
1722209
1366667
1644500
1760375
1255000
1379416
1288417
1437791
1356708
1451917
1439458
1516916
1544209
1552375
1561334
1366209
1657625
1168375
1492666
1331750
1405583
1273875
1393416
1401792
1622583
1685541
1487583
1320167
1193583
1448291
1415083
1530167
1447375
1607625
1300708
1487500
1739458
1538208
1254417
1263167
1284125
1196917
1121708
1286834
1545458
1448125
1302292
1551083
1764125
1667292
1332875
1427375
1293292
1315250
1830541
1428084
1342250
1397500
1389584
1592584
1593042
1440125
1407333
1331500
1289333
1337417
1516709
1627416
1677625
1326459
1863500
1817958
1622291
1344375
1284250
1418125
1399458
1390083
1561875
1423208
1581916
1386542
1841875
1805250
1640917
1413125
1301792
1583083
1334000
1392667
1364167
1190333
1336500
1510083
1565292
1274875
1454875
1245292
1379042
1396667
1453542
1521500
1506958
1370750
1567125
1518083
1503792
1486417
1888042
1313750
1331250
1247000
1722584
1577000
1424958
1449541
1536666
1528834
1246500
1327958
1142375
1887083
1408875
1650542
1293167
1489708
1631416
1767250
1325584
1242667
1361958
1158250
1395458
1734667
1499375
1432917
1324125
1422459
1823708
1439375
1495542
1315042
1492208
1481125
1418666
1393125
1694458
1418792
1354208
1298459
1583167
1657041
1552167
1406000
1319500
1642542
1316292
1487459
1442208
1536625
1837583
1824833
1512125
1292417
1204583
1357625
1373000
1666167
1544625
1438334
1372542
1576375
1503666
1469167
1406000
1286958
1373375
1237375
1241792
1632458
1405083
1344750
1468750
1616666
1527167
1663375
1444709
1218250
1321584
1341000
1408083
1402791
1364125
1372667
1536167
1652709
1619209
1490500
1313792
1548833
1333459
1435708
1657792
1437083
1465209
1466750
1519792
1388333
1422083
1482500
1493417
1483792
1678541
1583125
1512833
1488125
1489542
1654958
1506459
1430167
1320125
1336208
1444792
1303875
1463542
1387166
1268667
1289041
1920208
1398250
1406958
1333416
1139917
1068083
1161042
1423583
1580000
1369125
1263125
1432667
1663167
1705708
1621250
1733916
1291458
1683333
1413292
1413917
1484416
1311334
1385958
2055666
1929042
1260250
1465625
1302625
1254667
1461208
1363667
1519291
1335333
1555542
1733000
1569833
1878083
1417292
1298125
1225292
1373167
1362833
1392416
1324792
1363583
1597500
1634875
1372709
1282042
1820542
1256667
1362500
1364708
1452167
1257042
1333708
1347916
1569666
1753958
1363041
1339875
1488834
1401375
1559417
1437125
1391375
1328208
1356792
1765417
1528709
1398250
1352041
1291583
1530625
1393084
1484209
1430583
1353458
1848042
1714125
1635125
1221291
1297791
1229750
1276250
1362708
1470083
1481750
1568084
1444583
1364167
1635708
1676958
1678667
1423833
1180459
1309250
1480958
1735500
1360792
1552000
2203875
1662041
1354583
1235334
1220417
1419750
1182583
1488709
1312750
1562167
1385500
1589291
1469416
1436167
1397125
1415083
1561792
1437791
1321417
1315209
1474042
1266667
1316916
1464083
1820375
1607500
1565042
1493875
1332125
1386000
1581375
1362459
1364000
1492250
1404000
1729917
1539709
1364583
1275292
1307291
1245000
1245792
1482958
1495000
1505667
1714875
2097291
1677791
1366583
1378125
1379125
1470834
1424084
1966667
1528917
1519750
1719833
1702667
1806209
1424166
1450500
1203375
1044375
1716291
1516875
1558000
1759500
1603084
1737334
1473042
1422250
1285375
1286584
1188833
1215833
1361500
1405125
1273334
2537875
1544542
1400584
1398667
1294291
1763917
1689083
1598333
1858500
1367291
1704166
2172459
1696334
1541875
1408666
1429667
1211458
1173291
1205500
1477084
1291916
1440583
1467833
1141083
1377333
1131542
1026417
1301667
1529583
1599791
1524958
1776959
1760292
2095584
1848958
1744625
1021417
1218458
1168584
1042042
1017833
1043042
1158875
1171125
1531167
1858041
1780167
1613042
1417000
1465208
1367708
1273541
1272625
1632667
1463833
1474708
1798208
1428042
1372666
1359666
1274250
1515750
1259666
1419750
1671542
1479166
1584041
1629209
1666917
1507333
1375708
1458542
1328417
1637417
1654209
1457125
1479500
1352541
1314750
1399834
1537000
1411542
1496084
1314541
1516042
1340000
1346333
1356875
1476167
1458875
1624542
1445375
1514917
1401875
1718500
1434875
1504500
1366417
1522459
1320583
1246958
1786583
1831459
1446125
1386167
1318042
1681375
1346041
1425167
1472541
1342084
1297667
1665500
1554542
1413375
1416667
1325458
1336666
1675208
1439542
1416833
1412708
1340542
1515416
1554667
1675000
1554250
1126000
1353166
1223750
1315958
1654541
1337833
1249417
1343833
1573208
1701000
1623291
1270791
1144583
1251958
1094292
1298875
1544708
1379375
1577208
1461375
1609542
1557542
1417084
1466291
1320625
1234083
1288916
1391833
1450542
1539833
1499750
1581209
1790625
1552083
1321791
1348417
1300166
1552792
1502250
1364250
1401792
1206208
1353250
1654750
1496291
1727125
1416875
1388500
1375375
1181291
1205750
1476042
1263500
1362166
1374791
1552417
1677292
1319958
1302084
1202541
1313917
1492375
1577958
1346708
1142958
1390333
1718375
1399375
1366542
1321250
1352208
1243125
1325333
1326750
1381208
1392458
1411541
1259542
1407459
1782333
1642458
1232833
1257584
1342792
1248458
1447792
1398875
1557250
1658583
1488167
1657459
1488792
1416125
1272833
1209250
1191959
1394833
1778500
1373625
1331125
1251875
1422458
1445833
1459084
1464875
1402458
1234000
1291042
1481750
1181792
1751917
1308625
1533917
1858542
1611708
1558500
1127084
1380333
1185416
1435125
1212791
1462042
1452000
1315042
1726875
1539667
1668958
1478334
1230333
1292125
1346042
1225625
1273459
1362959
1378666
2024416
1695458
1755291
1411584
1328667
1304125
1309167
1432250
1333208
1439750
1370041
1352292
1368375
1556375
1673750
1481708
1185333
1348584
1393958
1469916
1419208
1492042
1432375
1432208
1648708
1675959
1550958
1331542
1207250
1400875
1147625
1631250
1320084
1322416
1540959
1494833
1842042
1376042
1478583
1424000
1393334
1452875
1354417
1435958
1341875
1746708
1398458
1442667
1456000
1434500
1371208
1393792
1221375
1567333
1248959
1439666
1543209
1403041
1444416
1339750
1350250
1444583
1345125
1317875
1359500
1280833
1315042
1351084
1568000
1429042
1224500
1300250
1365000
1485208
1541625
1559708
1345833
2132583
1530041
1328833
1255042
1418500
1437500
1400084
1282125
1425750
1414875
1221083
1481250
1408334
1404458
1429458
1663333
2070750
1676083
1355292
1264125
1119584
1280583
1459291
1542458
1590166
1334417
1192334
1741583
1324958
2054250
1571375
1262000
1323875
1387500
1329125
1502459
1293792
1409459
1312083
1503417
1321833
1586375
1285209
1413916
1405083
1275333
1369833
9766041
1828458
1451667
1519167
1390541
1249000
1335375
1182084
1379708
1768042
1962250
1517875
1156125
1194375
1193875
1283333
1342583
1336791
1108458
1083792
1195583
1359708
1797375
1457209
1247209
1432167
1393166
1458541
1399541
1355208
1612375
1510875
1540916
1806250
1538916
1483041
1340834
1302417
1434250
1435291
1340083
1401500
1518292
1503625
1929750
1707125
1394958
1229792
1289083
1315000
1554834
1251292
1302375
1379208
1300833
1556875
1864292
1377750
1371083
1327500
1355375
1435292
1575958
1417792
1522292
1522416
1584250
1749375
1368792
1342291
1447084
1487875
1315042
1568833
1351917
1468625
1369084
1466750
1411375
1443625
1461042
1478375
1417125
1293125
1284583
1387500
1369708
1363667
1329750
1739208
1953916
1352542
1495584
1221583
1218875
1680541
1575875
1544250
1415750
1457375
2020541
1633875
1812875
1350542
1401625
1398959
1136083
1256334
1286917
1173667
1243375
1314208
2027292
1551584
1293041
1265250
1295542
1126083
1553083
1481000
1429500
1428833
1337500
1550750
1439083
2056625
1505875
1197542
1173167
1217000
1405333
1353958
1580291
1462375
1362416
1794875
1429125
1869333
1434500
1348041
1348917
1331584
1858458
1756042
1367334
1571459
1680292
1487042
1546417
1205459
1180333
1397542
1336792
1528875
1356833
1358375
1434209
1400625
1478500
1441625
1361500
1418959
1370542
1526667
1377416
1239083
1418250
1516583
2105791
1836875
1492875
1471959
1300959
1432000
1343750
1371959
1348166
1380250
1476333
1624834
1743208
1613833
1545750
1519167
1349291
1262917
1488292
1674792
1508209
1356791
1519791
1708375
1562625
1661541
1303750
1345250
1247916
1343416
1881250
1350125
1579292
1749792
2121916
1629375
1621250
1267292
1284209
1268917
1186417
1189958
1510917
1287959
1345750
2292875
1457166
1634084
1485208
1291625
1583834
1501958
1255417
1469750
1311000
1450750
2306958
1909125
1190750
915917
1026708
1491250
1652708
1774167
1704167
1170333
1412083
1674958
1392209
1352917
1126500
1057625
1358459
1181709
1115083
1388792
1121666
1129333
1057000
1503500
1430416
1433458
1323875
1468084
1179458
1672125
1380667
1624833
1510458
1666417
1641291
1493834
1765958
1574625
1543750
1548750
1459166
1176375
1156875
1325875
1456500
1400375
1614792
1693625
1862208
1280750
1578750
1578500
1259417
1251292
1220208
1769084
1705375
1628958
1668167
1408541
1175709
1632292
1463000
1446250
1307125
1644834
1345500
1439250
1539958
1424708
1532959
1441125
1432458
1379583
1369084
1566250
1905208
1656791
2407292
1945167
1285375
1284084
1859250
1602042
1556792
1535042
1402167
1347625
1584916
1810542
1501000
1284750
1367917
1339792
1436042
1519959
1398542
1384833
1580791
1639292
2023250
1590167
1401167
1125083
1334250
1335667
1507250
1425583
1469416
1371292
1626834
1666209
1758750
1381375
1356375
1293792
1286542
1349333
1333416
1539125
1414125
1582417
1530667
1635084
1405125
1248625
1293292
1437292
1380625
1455333
1439625
1416542
1387708
1774333
1480417
1484084
1404916
1421959
1328083
1632208
1532875
1381583
1602000
1627208
1741292
1943375
1380583
1174334
1325500
1376250
1804125
1160041
1271292
1366958
1528583
1375000
2392291
1614208
1385917
1453042
1218584
1363958
1786291
1521625
1340584
1220041
1452500
2083792
1512833
1326375
1345542
1178125
1261167
1239000
1222875
1884750
1433083
1432000
1567292
1508291
1299416
1512750
1283791
1401875
1389208
1554583
1319375
1429292
1397959
1464541
1734875
1658750
1403000
1530917
1271458
1511166
1419958
1442500
1367875
1388167
1412375
1556875
1635125
1383584
1419708
1255500
1263542
1357666
1299875
1558750
1247583
1437750
1490333
1468375
1621792
1495917
1221584
1266167
1267708
1375375
1320792
1157875
1154916
1458625
1526667
1529791
1476084
1292667
1403292
1399334
1204334
1236542
1193375
1434417
1372250
1394416
1543958
1812250
1875292
1393958
1346667
1277250
1300750
1169125
1470000
1579500
1509417
1256667
1473375
2014084
1358750
1275083
1304041
1333459
1718834
1486458
1317667
1482334
1338833
1546667
1770958
1591125
1253417
1158083
1343500
1268333
1303666
1492167
2031417
1433833
1614625
1362416
1421875
1512125
1561083
1547458
1399375
1448667
1465417
1424292
1479458
1666750
1585041
1721250
1633792
1354666
1306500
1471042
1550833
1362208
1348333
1499666
1761167
1754042
1466291
1458542
1378375
1295125
1144000
1261459
1420666
1368959
1189750
1321583
1726958
1491625
1436500
1559000
1358000
1402333
1432375
1337958
1316500
1498167
1598334
1554250
1537917
1424125
1445333
1220041
1416792
1373209
1669292
1500625
1424500
1531458
1426000
1760417
1831584
1651541
1297500
1254041
1312208
1402750
1607083
1611292
1650042
1687334
1563792
1561833
1386750
1330916
1371917
1393208
1505583
1448917
1421083
1581458
1539625
1446709
1599000
1499791
1316375
1272333
1258625
1306250
1477125
1469417
1156458
1133750
1510208
1577541
1414333
1308167
1457791
1291459
1485750
1515000
1101542
1373792
1198041
1229625
1420625
1706667
1560750
1530333
1879917
1236375
1354167
1624250
1313500
1410834
1483333
1428750
1772208
1460875
1386041
1202583
1263084
1494416
1358500
1346875
1479917
1604041
1482208
1759500
1806084
1571334
1617459
1489166
1513041
1392833
1480208
1213667
1366084
1110917
1556625
1787542
1384584
1385875
1338000
1733916
1043041
1398208
1478750
1275750
1283084
1580625
2130458
1644125
1417708
1262458
1359583
1429667
1432958
1377041
1423208
1145666
1369125
1629334
1585875
1339625
1375375
1327666
1366209
1428875
1355125
1361292
1383666
1257709
1482625
1565250
1436208
1397584
1301291
1315292
1373084
1332666
1376500
1387333
1458875
1438916
1933875
1632833
1362125
1256375
1390125
1337791
1215250
1392583
1409208
1435209
1441875
1424334
1580292
1528000
1343417
1563792
1435292
1498542
1455875
1457750
1398042
1260583
1461584
1714750
1504750
1372375
1397208
1344959
1454125
1642291
1583500
1574500
1738083
1412375
1664375
1637084
1459125
1266042
1199625
1597208
1375917
1211458
1492833
1376041
1552458
1767625
1823125
1471292
1210416
1459334
1373333
1408750
1520917
1459584
1491334
1614000
1725916
1657208
1394042
1266000
1086958
1388583
1710667
1381750
1355209
1276875
1312459
1409417
1576709
2276792
1302791
1338209
1340958
1493083
1411875
1316209
1250875
1609917
1779541
1489333
1555916
1290250
1373625
1194334
1138583
1304042
1571083
1453958
1442750
1738334
1871375
1845125
1847125
1305416
1448500
1406292
1564792
1238166
1491291
1561959
1660000
1833625
1785750
1292333
1266625
1289375
1334250
1596583
1420750
1389375
1493459
1363166
1843666
1735167
1346917
1207709
1236834
1221667
1335625
1321709
1332709
1305000
1275750
1874500
1835000
1528584
1453209
1219458
1207208
1160792
1320042
1287792
1352542
1404875
1403291
1746666
2186292
1506500
1543833
1454500
1424792
1574958
1501209
1576167
1473292
1708875
1819041
1774791
1566333
1525083
1168875
1087500
1264292
1540333
1702417
1340708
1431541
2032542
1790167
1722750
1421708
1493125
1495209
1358750
1508333
2469250
2420416
1913208
1756083
1502458
1288625
1165625
1399792
1629500
1446250
1553250
2124583
1795500
1506834
1247375
1490000
1001333
1049500
1259417
1518417
1306042
1288750
1263834
1336458
1873958
1635750
1247083
1390375
1483959
1576875
1477041
1873333
1746791
1452292
2375625
1626542
1830167
1807792
1521584
1429958
1626041
1383000
1536083
1848208
1812667
1497083
1315625
1317625
1206750
1252625
1316542
1350833
1452459
1396375
1247500
1324042
1738750
1358250
1421542
1534500
1470041
1301833
1480583
1346916
1396708
1332500
1392000
1546709
1862791
1455250
1325042
1258667
1300084
1197583
1315042
1169250
1221625
1469333
1552708
1652875
1711208
1388208
1189958
1322917
1318750
1268584
1396791
1276417
1277292
1299250
1440875
1786667
1773125
1437791
1331709
1219750
1244167
1309833
1510000
1410042
1383000
1384417
1506541
1512458
1528375
1392500
1334542
1307333
1318208
1339125
1489375
1512250
1482917
1489583
1706833
1517334
1506292
1380292
1397917
1355750
1314458
1579000
1431125
1297208
1575292
1432084
1393208
1485584
1498625
1306209
1632041
1416792
1839875
1657042
1282750
1379250
1659875
1906708
1639625
1234334
1515333
1447375
1422542
1300000
1230541
1338333
1540625
1857792
2039125
1398750
1342542
1343958
1333917
1638875
1679541
1484584
1329542
1386708
1641000
1438417
1406000
1279875
1336500
1354000
1458625
1677000
1613125
1597916
1348334
1864875
1888833
1504666
1380167
1311542
1501750
1419375
1344208
1424958
1337666
1277750
1412791
1419292
1546875
1453708
1559333
1478167
1437625
1413708
1440000
2048084
1791792
1791125
1603625
1397583
1399958
1321959
1392458
1590917
1952125
1752250
1505625
2126917
1601750
1550416
1399250
1621375
1441166
1569500
1380916
1454917
1345541
1905584
1970125
1794708
1398458
1389459
1202834
1483417
1351541
1634625
1251292
1463958
1471042
1669209
1512625
1479542
1236375
1266500
1244041
1164625
1443084
1436875
1403334
1743917
1844583
1640875
1522083
1214584
1302792
1468375
1530042
1329500
1450000
1491875
1408958
1325459
1515416
1718042
1235417
1339458
1375333
1250125
1474041
1587292
1583209
1445792
2039792
1769250
1715542
1567208
1184291
1201083
1347208
1758625
1558958
1565750
1583792
1528583
1366750
1434500
1389959
1302416
1374625
1616917
1485292
1584791
1336375
1333625
1887833
1764875
1482333
1322334
1404375
1436541
1397042
1638875
1320250
1212916
1468458
1777709
1598833
1351250
1416166
1476500
1419000
1641792
1403084
1549416
1406208
1261958
1328291
1549792
1746958
1331625
1739250
1542917
1418917
1575250
1487791
1478208
1461625
1774125
1381083
1290667
1351791
1256417
1123833
1649875
1466000
1491375
1421333
1362666
1755708
1473000
1577084
1303500
1347542
1287292
1225625
1325000
1710041
1487458
1247709
1548459
1487000
1720500
1373875
1408209
1316208
1239375
1542875
1586083
1789208
1448042
1877708
1784167
1714750
1532833
1354000
1338917
1280417
1272583
1315250
1327083
1412583
1566000
1808583
1831834
1386959
1314625
1337208
1331375
1638875
1430083
1510083
1299875
1416291
1958334
1686750
1329125
1321708
1255791
1254125
1394833
1605667
1631584
1516000
1547250
1846417
1608042
1465625
1288041
1305000
1372041
1329959
1417625
1631458
1371208
1484250
2014667
1468834
1396208
1360708
1542250
1334250
1507166
1644208
1484083
1488750
1663583
1860541
1639750
1374500
1343917
1763500
1311875
1380292
1528833
1380500
1300958
1433584
1630417
1725583
1559000
1538333
1231709
1457375
1594459
1635583
1424958
1310208
1834833
1735667
1380167
1416958
1296000
1334292
1381292
1447000
1727708
1278250
1382834
1535750
1734000
1548166
1452375
1423083
1213709
1330000
1324333
1262000
1384875
1365541
1240417
1419250
1627500
1707042
1725542
1464334
1293750
1462834
1345292
1572959
1356208
1265750
1322833
1420583
1491000
1412417
1360083
1792167
1295833
1325417
1444833
1428708
1287292
1519041
1525291
1819875
1311000
1357500
1214334
1155958
1266083
1371958
1459958
1579750
1381167
1500042
1641291
1512333
1393875
1561459
1593250
1324750
1422875
1556917
1582542
1540000
1417083
1378041
1185541
1554708
1402083
1276042
1339625
1439208
1453084
1355541
1658000
1461458
1225709
1454834
1373500
1239500
1347042
1441375
1298958
1350833
1528375
1473208
1243250
1495875
1290709
1234333
1291417
1337875
1306958
1239625
1349375
1482917
1541166
1399208
1395333
1386917
1350584
1454709
1142125
1269208
1508958
1291583
1215917
1457667
1418292
1521500
1332167
1635750
1627917
1554917
1390458
1471750
1516750
1348792
1433125
1385083
1345875
1247167
1340000
1997166
1639833
1404542
1380000
1543666
1393541
1233125
1675458
1586916
1278625
1393416
1350750
1697208
1517708
1460875
1180583
1170791
1283834
1154917
1111833
1291042
1327417
1361917
1610542
1830042
1409500
1703208
1376916
1293583
1102417
1298708
1549875
1574750
1397958
1543292
1929334
1633708
1459792
1799667
1343125
1015459
1051167
1240958
1392167
1220125
1806750
1820667
1477250
5525458
1682250
1352291
6045625
1899583
1541250
1781083
1756041
1537917
1313708
1284583
1266333
1546916
1504250
1319458
1369333
1448417
1354416
1050709
1230500
1187208
1439958
1553916
1120042
1376291
1522583
1549292
1910041
1647583
1367125
1588083
1458000
1167500
1096834
1180459
1198250
1418708
1755542
1394209
1492375
1295334
1204875
1316291
1287250
1464542
1204250
1250667
1317083
1208333
1467125
1483250
1574541
1371625
1289667
1406666
1363750
1451000
1449667
1536083
1214917
1272709
1597125
1454917
1332416
1324042
1067250
1267042
1349042
1599166
1544416
1596708
1472209
1851208
1423875
1575041
1768625
1285417
1340125
1281209
1348542
1187000
1359583
1316666
1273542
1344250
1677417
1411208
1405750
1374250
1343375
1250000
1280958
1431791
1277375
1323916
1246125
1718709
1787000
1272708
1582542
1614916
1490666
1424375
1726958
1737625
1502959
1525125
1734750
1625500
1442291
1508500
1469250
1502625
1700750
1449458
1705708
1390291
1630833
1677375
1537042
1382625
1335209
1457334
1547042
1598542
1715750
1386583
1596792
1561208
1435541
1299125
1395125
1339917
1201000
1283208
1390625
1356709
1524917
1703500
1447250
2112375
1643375
1439333
1324250
1225542
1239917
1328625
1194667
1272125
1322125
1674292
1756792
1617334
1211708
1351167
1269292
1227416
1570834
1341750
1448000
1426042
1445334
1488209
1528041
1553583
1321667
1265583
1263292
1305042
1263792
1665000
1621584
1630750
1607875
1545958
1407458
1653875
1444584
1161583
1310541
1449333
1501958
1469167
1500875
1308459
1562417
1547500
1325583
1337250
1250000
1280708
1271334
1389208
1521875
1473792
1435875
1355833
1957500
1589792
1517333
1401916
1355708
1236708
1472583
1516541
1403125
1590334
1753959
1928125
1598416
1518167
1385833
1248084
1419000
1317667
1445250
1358125
1369167
1230958
1403833
1685083
1507416
1244459
1302750
1312625
1246542
1382667
1431417
1418917
1366041
1178083
1487334
1990792
1442375
1398375
1462042
1286667
1348125
1477416
1448000
1577583
1349750
1630625
1525584
1747416
1259708
1210667
1221791
1356916
1302375
1223833
1366834
1435208
1279458
1324291
1380875
1714208
1550667
1354625
1179125
1241833
1331500
1302709
1530416
1199000
1451708
1510541
1562000
1576250
1572000
1425625
1161041
1429542
1210125
1396292
1565542
1522625
1674750
1611000
1536500
1542042
1426666
1384916
1420666
1448875
1529750
1379208
1314250
1345750
1749625
1645750
1384000
1335500
1313875
1317416
1206417
1356209
1521917
1563208
1437459
1937000
1605208
1442000
1441875
1472750
1397416
1397125
1412208
1454958
1441458
1480959
1620667
1598125
1454000
1471750
1450333
1452375
1321500
1365292
1316458
1456750
1447583
1521833
1397459
1386917
1531000
1354917
1341167
1384250
1317792
1440750
1485250
1535458
1460875
1958000
2365459
2575375
1782750
1375625
1394834
1315125
1600375
1403875
1630875
1613041
1398292
1470542
1356167
1514833
1380375
1366959
1285000
1382375
1364500
1394833
1620750
1579416
1444167
1325875
1180334
1465875
1429334
1535333
1487750
1318458
1096875
1513916
1695583
1556083
1501000
1287583
1348542
1359084
1292500
2037083
1625459
1429375
1950209
1643959
1458917
1328417
1279042
1388542
1429959
1322250
1357833
1452167
1473000
1828333
1683750
1428459
1369500
1429250
1207500
1576125
1760667
1485208
1349833
1463542
1391041
1596250
1757167
1462959
1260042
1319459
1464375
1432625
1455667
1450167
1582666
1528583
1575875
1638875
1595917
1472417
1258208
1218084
1298708
1419542
1565167
1377875
1243042
1503959
1351625
1538208
1520458
1224458
1226250
1100459
1289959
1430625
1436833
1560750
1403542
1528875
1427459
1607792
1471583
1615500
1432834
1335208
1398375
1827791
1972959
1584125
2268417
1735625
1534416
1512250
1460875
1632667
1678125
1656541
1515458
1439708
1564416
1413541
1303584
1589375
1435500
1410000
1466792
1447958
1615625
1571209
1481834
1676125
1656792
1383375
1504792
1415417
1494375
1295416
1438833
1445583
1502375
1697208
2076333
1819583
1789209
1843875
1518708
1470209
1562875
1445291
1350500
1673125
1560333
1769917
1504458
1490875
1375292
1419542
1757667
1492125
1487875
1487417
1368084
1515917
1563500
1295500
1482750
1288375
1374750
1412625
1572250
1597500
1309708
1420334
1580458
1428750
1258541
1375000
1386333
1349125
1470583
1361416
1805000
1298791
1331042
1733833
2256541
1423333
1172084
1284125
1200958
1298042
1312416
1558500
1450125
1766250
1401834
1435125
1867167
1694708
1364917
1380375
1228375
1327334
1355208
1453958
1710958
1570708
1537292
1564208
1383459
1303542
1403542
1197542
1291542
1501208
1435292
1453792
1275084
1845833
1720375
1526875
1445542
1502583
1356583
1174292
1415708
1460750
1423875
1330458
1576584
1551917
1558459
1395458
1392042
1265875
1436834
1399333
1392917
1665584
1610084
1428166
1422250
1550667
1330000
1509875
1426875
1410875
1416958
1430834
1314000
1484292
1310000
1874084
1725625
1543625
1348500
1319750
1218750
1210375
1359500
1466709
1378084
1434625
1637000
2512958
1693375
1246792
1225625
1697750
1683167
1429375
1683666
1464375
1492791
1676500
2184875
1610833
1463375
2318459
1690959
1511917
1227083
1231334
1402958
2148500
1722000
1614625
1695542
1381041
1376625
1339166
1404375
1570291
1482541
1680250
2343166
1485083
1435292
1542833
1288875
1380667
1233791
1231750
1301708
1102125
1310666
1686125
1654500
1385708
1595167
1142875
1103875
1337000
1549542
1765459
1522958
1253417
1187458
1654625
1499584
1469500
1330125
1326666
1346791
1505709
1793042
1483875
1641875
1430666
1705750
1457834
1605750
1700958
1405041
1489708
2004083
1667292
1756334
1643250
1637666
1881000
1494750
1447584
1726875
1516000
1539208
1651541
1464917
1274791
1459666
1720417
1430167
1128334
1171875
1279083
1174917
1692542
1752209
1451084
1276958
2269916
2143500
1592250
1532666
1531583
1232459
1838959
1542084
1685542
1775333
1479458
1659833
1557500
1470167
1584958
1428541
1945833
1701500
1396583
1144667
1221500
1427083
1796833
1527416
1302458
1227833
1417291
1544875
1408375
1517167
1314041
1394625
1506083
1517709
1598000
1698625
1212625
1353750
1294709
1492792
1488375
1561666
1761708
1574375
1910625
1437000
1720667
1370375
1293792
1227291
1364083
1337292
1404375
1383875
1494333
1673459
1819417
1583542
1311250
1552750
1573833
1338083
1487167
1390541
1346250
1644542
1668875
1574375
1388209
1175833
1345292
1376917
1343375
1255834
1399667
1288250
1327208
1660084
1695625
1437291
1525375
1258209
1279875
1283250
1619916
1444875
1397542
1391959
1547709
1665208
1472125
1377333
1304208
1563375
1297125
1629833
1458084
1448292
1399208
1321916
1373209
1421250
1647542
1481166
1050375
1246208
1259666
1401042
1566958
1574833
1365291
1551375
1724042
1774709
1366833
1279917
1220875
1274042
1407250
1329667
1435708
1334041
1693125
1638334
1624458
1605000
1292334
1310000
1303125
1352833
1257000
1403583
1443167
1632792
1318125
1744250
1840791
1488667
1348750
1371750
1222166
1379208
1414750
1319375
1448292
1562791
1725042
1439000
1346042
1264584
1452917
1098709
1346875
1437875
1276375
1305542
1306375
1385583
1896375
1486417
1436000
1188042
1488708
1293084
1198209
1267000
1300792
1188584
1258708
1329292
1612458
1615291
1421750
1382458
1361042
1341250
1336625
1376875
1409417
1485458
1464208
1364834
1416959
1701625
1254833
1402125
1269792
1380500
1399875
1787541
1387167
1243125
1373417
1630959
1619125
1515125
1385291
1151250
1352458
1470709
1315833
1547000
1481542
1496625
1434709
1658292
1527333
1573000
1434125
1329500
1322583
1397166
1586750
1542750
1551208
1498625
1357250
1589959
1501875
1272958
1430917
1249625
1356833
1413833
1665459
1288166
1288333
1282500
1664875
1569791
1326041
1249666
1255625
1336958
1487166
1395208
1306333
1328417
1494917
1570042
1541708
1730416
1279042
1332959
1544541
1241459
1390250
1480167
1378583
1558292
1887667
1750000
1383708
1173000
1443167
1317708
1352333
1678208
1537834
1393209
1462292
1717083
1629917
1480875
1438792
1352917
1182708
1248584
1300667
1275083
1288083
1340209
1503333
1664459
1615417
1557834
1664750
1349625
1346959
1499875
1505334
1428417
1507958
1385042
2032459
1572292
1357166
1289958
1434875
1419041
1361208
1382542
1456792
1391792
1298584
1615583
1648916
1379375
1544042
1288917
1251125
1531791
1433542
1740791
1338958
1563625
1440583
2168458
1429708
1272625
1311041
1690375
1324125
1674083
1853084
2051209
1870125
1708375
1602625
1486875
1754625
1407333
1432709
2628791
3518917
1945750
1943834
2587000
1716958
1549750
1315541
1406500
1555583
1439916
1505916
1643292
1453292
1468292
1384250
1471375
1349709
1531083
1432208
1426833
1496917
1981459
1668584
1742584
1331167
1245125
1206000
1330750
1340167
1424792
1301875
1283458
1536833
1488250
1568875
1561209
1521667
1340584
1410084
1453208
1322750
1312083
1204000
1492000
1315459
1668541
1764459
1426375
1378417
1575708
1229459
1437208
1516792
1556833
1471625
1675375
1485959
1431625
1479792
1405167
1695708
1252834
1238875
1311750
1246000
1451000
1475750
1885000
1480584
1500125
1260000
1295417
1450375
1378542
1406708
1339000
1362041
1355708
1559083
1717208
1599875
1583208
1271875
1444583
1436708
1393541
1354500
1380292
1472500
1400959
1651041
1679333
1504083
1319875
1340500
1297458
1465875
1205667
1289708
1293417
1331209
1448292
1533041
1575000
1491916
1338292
1364041
1312542
1430708
1318208
1503083
1448083
1252500
1276583
2015000
1492125
1492167
1268709
1253750
1431542
1417166
1397042
1679625
1479458
1431000
1516000
1298000
1780792
1507375
1436291
1401292
1427542
1460917
1474042
1458250
1223875
1521500
1786625
1420959
1632166
1319208
1281125
1400041
1412875
1514542
1450917
1643417
1640750
1628375
1472000
1513458
1519708
1517708
1450000
1449958
1571375
1439333
1586667
1931250
1350375
1487375
1463000
1301750
1332250
1270625
1481708
1479708
1462750
1380083
1517250
1450375
1540667
1415041
1404125
1494667
1312167
1297541
1503167
1338708
1272417
1327209
1791125
1790833
1364291
1439833
1365458
1333292
1247458
1545625
1591458
1526375
1724917
1749666
1389209
1569292
1416375
1422459
1316792
1730917
1480875
1540250
1525958
1610834
1826959
1539875
1593250
1637833
1681666
1235375
1409667
2881541
1339042
2212791
1946083
1853291
1305375
1358000
1326291
1658708
1938250
1659458
1689666
1561542
1714000
1552375
1542375
1352792
1492166
1228833
1028833
1324375
1263375
1246083
1935250
2304458
1724750
1353792
1365042
1436083
1394583
1487666
1741667
1430000
1857500
2229916
1777542
1757834
1428208
1389750
1621584
1454250
1102042
1154541
1444875
2087667
1967875
1766541
1544417
1332583
1121292
1057416
1362000
1623958
1440333
1588209
1625166
1403833
1729167
1388042
1308625
1696834
1547875
1485375
1580875
1691000
1684833
1574500
1753333
1436666
1517083
1312334
1433625
1359000
1349625
1837417
1319583
1292416
1614000
1310500
1310791
1204209
1223000
1254667
1372125
1245666
1330750
1397167
1453208
1324000
1494084
1342541
1259375
1397666
1232875
1114917
1274458
1302209
1555708
1442708
1435875
1382875
1573291
1394208
1378542
1420583
1177959
1389583
1282083
1384459
1436625
1546042
1499875
