2172708
1857417
3236333
1750667
1717042
2363083
2174459
1692625
1429375
1635166
1343875
2588500
2456375
2534333
2233000
1528666
1565000
1465000
1518625
1395250
2016875
1742083
1915375
2850750
1665833
1989042
1250084
1727166
2745000
2064834
2839750
1871375
1909791
1600708
1580667
1584000
2368875
2265625
2672875
2170584
1549000
1716167
1514917
1223292
1253750
2099042
1933375
2406167
2905125
1622250
1771625
1704375
1883542
1897958
2439958
2186417
1952125
1829709
1515083
1519750
1469417
1547917
1994625
2644916
3482708
2545959
1644667
1691584
1711792
1736458
1662625
2535459
2267042
1636917
2257375
1896000
1458208
1659458
2406750
2025750
2848500
2237917
2014208
1485000
1330833
1596625
2124583
2340791
2157125
1864959
1614125
1988125
1530959
1231625
1773459
1466541
2665917
2654708
2166959
1782250
1407542
1380542
1535458
1586500
1701833
2115917
1911667
1936417
1588000
1657625
1717500
1549750
1750459
1386542
2885625
2249542
2200375
1839083
2280583
2266834
2100292
2655125
4276167
3002000
2727916
3502666
3489000
3120042
2911291
2132959
1623583
1297083
1732208
1473500
1510458
2505625
2513500
1820333
2108750
1634625
1390375
1452042
1434833
2350125
2574792
2073667
1443375
1496292
1989334
1574209
1544625
1753792
24579125
4058125
5346750
5045875
2649125
1555792
2552917
1622750
1447208
2531416
1988125
2436500
2461125
2375625
1977458
1528125
1438250
1649167
3002875
2901750
2322583
1796334
1731125
1681958
2460958
2331375
3255208
2385083
2342916
1883625
1570917
2025959
3173083
3145875
2868000
2029125
1683209
1955583
2622750
2931375
2913125
2871208
1854458
1439250
1321167
2352708
3399458
4137666
3041209
2267125
3205583
4624500
4115542
2138375
1826416
1406417
1583042
1657791
2306834
2463125
2683750
2190833
1613750
1423416
1700000
1737292
2152250
1953459
3514834
2544083
1991250
1661583
2072583
2994292
2104334
3322125
2603500
1887667
1702250
1777916
1984167
2225375
3897958
1931542
1615250
1880334
1566708
3256083
2712041
3363291
2223791
1767500
1711708
1306792
1968833
2044791
3544583
4517791
3093959
1838958
1776792
3111583
2971167
2185750
1893041
1896625
1333916
1452917
1543875
3194583
2736167
2639750
1955375
1516792
1526791
2092583
2886292
2072959
4024959
2691750
2339416
1435791
1701250
3902208
3498334
1990500
1734666
1429833
1516833
1766250
2051709
2433875
3446917
2314375
2335041
1585666
2001916
2097000
1669667
5269583
3163250
1987583
2966333
2488000
4064041
4345417
2008541
2684292
3128875
4708875
3025042
1601625
1827375
2269833
2741542
5684542
2435792
2147292
2189333
1550833
1845125
5468042
2546125
1849500
4923958
3118542
5752625
2142750
2497375
1997792
1955584
2521750
6164208
2537834
2119084
1913750
1605166
3690000
4866125
3232833
1599625
1656875
3628750
4449542
2571667
1956333
1760958
1548417
1471084
2207625
3809333
2907250
2304666
1745042
1532625
1886292
1996959
4073084
2925500
1743458
1403375
1659791
1344583
2674875
3706958
2661541
2385417
1806000
1672875
2088667
3155125
3134208
1919209
1747333
2090542
1716750
2536208
2843166
3271917
2003875
1597708
1675125
1505250
1522709
1424792
1215458
2781500
2108833
1802166
1473333
1376375
1213375
1335834
1571000
1670750
1465583
2834333
1871375
1451083
1638667
1710958
1421625
1710208
1265541
1562208
2017416
1903458
1710875
2845083
1790583
1617583
1628292
1466667
1443125
2907708
2012875
2168834
2231834
1856666
1581667
2073042
1925125
1397833
2663375
1750750
2295542
2170167
1787666
1551375
1323417
1867791
1892875
2204041
2438542
1694542
1876625
1670792
1363291
1667250
1526125
2456833
1835333
1847167
1970791
2336958
1678625
1411333
1835167
1588125
2665208
1723500
2325083
1746667
2101709
2289250
1941833
2352000
2146375
2015375
2241291
2159042
1508208
1299750
1303417
1644833
2935791
1613208
2619542
2072459
1825541
1861125
1543625
1579584
1665500
1675584
2885917
3029666
2105333
1604542
1858042
1381375
1358041
2761667
2545625
2419291
2070333
2205250
1459458
1679500
2480250
2093167
2084583
2718416
1560458
1444583
1729750
1523209
1471000
1546334
3165166
2774000
2218250
2375375
1509125
1918417
2293125
2527375
2235875
1712000
1825916
1869792
1475000
1374083
1220833
1495125
2113542
1631458
2294209
1970000
1467916
1901792
1761792
1644083
1536459
1879458
1807417
2097875
1869208
2187208
1512417
1616875
1887375
1354416
1898250
2427875
1978750
2939917
1906416
2096083
1624750
1525583
1933084
2871458
3126500
2214542
1509542
1622084
1890708
1268625
3868125
3566417
2892750
2176625
2009625
1690750
1565416
2002625
2155458
3212209
2472875
3289458
3494542
4131834
2665166
2640500
2587792
2017583
1403792
1914625
3359875
3160125
2142000
1689666
1916959
1369500
2648542
5058250
3103375
3556500
2065750
1358584
3799333
1591708
2013125
3388583
2355083
1401792
2551875
2978041
3595708
3195500
2864500
2043000
2393458
3977917
4450125
1872833
2331167
2090708
2351708
2261875
3202125
2842167
1299167
1287333
1934958
1669667
3144042
1995917
2103000
2607667
1704542
1718750
1705917
1556458
1360250
1978667
1892208
1808792
2801375
2107875
1271041
1461459
1662792
1725375
2931250
2230666
2149583
2187958
1249167
1097500
1434375
1542208
1433542
2202666
2547250
2486375
2275792
1639125
1209709
1504500
1665500
2664167
2540167
2347292
2354208
1711166
1824416
1429583
1880834
2736125
1915917
2211250
2213000
2191291
1404500
1321709
1559125
1503875
3279500
2707750
2107667
2374125
1776750
1456542
1587000
1417917
26508167
5627083
4805417
2336917
2451375
2110166
1443500
1477500
1769167
1776375
2418750
2390167
2750125
1732084
1520917
1538333
1355167
2068250
2496958
1825542
2672333
1937000
1767084
1584625
1354458
1482375
1463209
3145417
2127458
2753334
1805708
1516416
1463584
1759542
2053542
2369542
1859334
3108167
2074667
1609709
1601625
1600375
1303625
2541584
2776792
2482125
2285375
1679459
1636625
1550875
1262458
2017917
2531500
2215500
2054458
1997125
1450625
1545667
2009375
2081542
1753709
1803959
1964541
2473041
2877750
1598084
1421750
1606958
2610417
1799959
2125375
1802750
2202250
1927375
1429458
1485333
1705125
2252042
1943333
2947709
1623958
1781875
1846834
1382083
1860750
3060000
3332375
3080375
2556292
1878250
2566583
1984833
2065000
2127583
2376209
2708417
1599834
1508500
1650500
1487084
2205459
2905333
2621917
2241791
1559708
1367541
1700625
1463875
1811791
3209750
3613875
2284667
1514625
1610833
2155208
1727375
2761916
2310792
2588875
1868458
1369917
1823334
2677333
2205667
2188625
1492250
3040708
1656875
1091708
1712416
1901292
2573375
1983750
2926125
2321166
1915292
1869083
1453542
1745584
1595750
2691625
2099083
2970583
1852125
1496500
1328666
1444958
1577458
2275375
1583291
2963500
1909750
2162750
1583791
2087084
2384417
2459916
3106084
2325375
2442250
2072084
1655666
2233500
2241416
2097375
2605708
1840833
2040208
1501292
1539292
1898125
2632750
2124500
1606875
1845625
3000625
1541458
1765166
1518292
1522666
2686916
2101041
1837500
1520500
2057958
1413375
1282708
1413583
1765083
2582792
1683334
1550250
1731875
2366625
1903792
1496084
2298583
1680875
2176958
1607500
2244208
2177750
1391541
1397500
2099000
2230375
3396709
3026125
2383709
2282833
1563542
2491708
1783875
2012542
1762500
1603708
2315333
2432042
1571083
1939167
1635375
2860750
2168250
3087375
2741166
1752833
1474875
1808667
1795958
3295000
2920000
2055917
1721417
2091541
1453417
1639291
1310875
3517041
2785125
2355542
2120833
1371750
1387584
1583875
1409083
2207542
2636709
2514834
2193708
1530916
2333667
1603875
2080875
3006459
2368000
2645208
1874792
1588208
1400667
1401833
1724167
2440166
2557583
2069791
1814708
1812292
1823375
1473959
1895167
1812666
2637500
3408292
2181334
1941916
1475375
1575041
1477167
3092166
2062375
1944750
1791917
2132083
1879000
1899208
2466500
1730875
1774000
2407709
2041667
1818667
2184500
1368416
1477917
2465334
2423584
2813583
1713000
1975584
1859417
2024416
1211417
1606166
2691875
2928833
2029417
2142208
1686709
1433333
1648417
2644416
2671958
2280917
2854916
1646042
1587750
1255834
1116958
1057709
1052541
3169834
3085125
1705500
1996875
1620333
1580042
1818417
2679041
2237625
2103583
2488041
1959584
1565042
1676958
1493750
1561916
2254583
1587166
2126375
1901167
2357083
1603584
1209333
1135875
1304875
1487500
2604959
2142292
2426167
1794917
2015458
1452666
1427625
1557542
3345417
2318500
2986792
2243541
1992875
1475208
1919917
1626042
2474667
1820875
1880167
2663125
2012125
1699875
1758333
1946625
1822458
3118459
2075625
1760166
1746875
1391792
1584250
1923667
2525042
1702000
2588208
1650750
1766208
1802417
1801000
1885667
1412916
2085708
1631583
2296667
2187708
1883625
1872833
1483042
1308875
2285833
2910625
1908084
3200250
1685917
1447000
1571667
1353917
1449417
1839459
2640042
2778709
1741333
1823042
1617125
1506083
1191750
1286125
1980459
1351500
1965625
1937708
1749000
1748042
1681625
1454042
1495334
1355875
2030292
2288084
1593583
1756167
1685125
1482333
1374333
1291416
1463416
1303708
2679375
1555959
3823708
1595375
2509625
1452709
1676834
2252583
2077542
1666875
3303542
1988875
1727333
1538958
1253667
1400583
1445250
2044875
2404417
3555500
2018209
1592542
1527458
1436542
1297084
1806833
2425125
1753708
1518458
2208791
1795875
1567167
1581459
1747541
1835958
3014708
2608917
1817750
1827958
1510541
1421667
1336666
1779584
2408667
2981625
1702166
1501959
1700209
1681792
1716542
1558750
2863375
1572500
1474792
2568292
1879875
1702500
1280709
1376458
1659125
2176625
2515541
1551000
2127000
2838042
1444084
2031417
1715792
1694042
3131334
2113667
2109458
2121291
1584084
1925042
2389375
1985084
2539667
1893584
2332709
2090667
1550292
1546041
1297292
1671084
2221375
1971709
2331792
2534292
2407875
1485625
1624459
1431583
1607667
2178708
1938458
2942334
3210708
1863250
1546541
1670167
2828083
2247708
2964750
2384625
1703541
1484959
1609292
1714084
2239375
2337000
2911208
2413666
1854541
1658834
1516708
1422208
1772583
1917125
1836333
2852000
1886042
2574958
1498625
1702042
2269291
2227833
2833042
1858750
2206709
1442000
1414875
1914417
2051875
2686250
2215708
2812125
2117375
1451584
1525583
2370333
3211167
2171625
2472791
2408542
1409000
1467500
1626167
1468458
2230541
1858542
1811875
2841625
1952542
1751291
1630125
1465625
1478000
2692667
2322500
2529917
3042458
2437500
1798834
2926416
2262167
2036375
2270333
2507709
2058875
1644042
14742583
14690625
6018834
5700625
3254459
2022875
1748250
1996000
1640125
3502333
2463459
1966292
2509042
1925667
1590125
2196125
2869500
1278125
3322291
2294833
1496833
1208958
1105709
1473791
1492708
2880041
3056875
3342541
2398125
1639500
1502833
1471916
1659916
2267916
1572667
1922666
2285167
1934583
1906916
1467625
1726833
2341041
2074750
2263792
1754917
1539833
1464083
1749292
1351750
1366417
1535125
2467667
1666042
3944750
1387500
1373959
1860875
1659250
1753250
2787583
2909000
2504583
1652708
1380834
1278750
1739084
1515209
2479083
1776500
2688584
2512375
1667250
1667167
2439417
1454708
1596666
2899208
3849834
2424042
1929083
1457250
1700500
2178584
2289167
2683750
2263917
1858750
1708792
1504000
1454250
1582666
2316292
2209125
2094667
1961750
2090166
1879833
1762166
1692958
1870416
2252625
3336042
1767541
1554208
1617666
1470209
1541125
1959666
2499416
2637375
2018542
1368000
1449291
2323625
1588958
1535958
3044875
2419375
1618125
1436625
1670792
1987666
1732917
2089333
2216834
2212792
1740875
1487750
1741958
1671125
1999542
1415583
1180583
1378792
1665625
1811292
2018958
2210917
1778292
1430333
1748041
1542292
1336125
1564833
2521458
1530959
2395708
2071500
2547917
1706083
1451708
1830042
2291125
2369375
1591708
2359583
2281625
1399042
1341042
1370417
1969125
1861875
2103750
2664500
2627083
1565333
1610541
1247750
1622875
1645625
2647667
1597250
1684541
2092959
1537875
1657292
1434541
1878042
1726875
2726916
1612959
2279333
2318125
1955667
1854125
1649333
1836459
2890542
2558791
2666583
1869416
1319541
1617750
1382084
1523125
2536375
2822041
2644583
2210833
1700750
1799792
1383917
1706583
1678084
2261166
1930458
2601250
1760792
1552625
1294833
1665041
1344791
3283166
1636209
2468750
2088500
1557333
1486958
1611750
1249583
1152792
2135250
2185167
1957250
2480791
1734125
1694458
1746875
1427833
1523334
1863125
2247125
2378875
2360750
2179042
1570625
2196417
2435417
2118291
1742333
3317375
1843500
1446542
1360667
1363792
1182542
1290000
2702042
1968042
1972958
2773500
1816041
1294375
1529708
1371750
1380250
1944042
2438041
2161958
2618208
1966875
1565250
1894708
1357791
1978708
2941375
3076750
1920334
1839875
1797750
1315833
1594958
3124000
2133250
2786209
2825750
1814208
1687959
1847833
1463917
2148000
2098333
3756666
1550000
2037375
1550167
2333333
2103625
2588083
1937500
1803750
1871167
2595583
1466542
1605208
2423750
2370125
2775333
2844417
1892750
1591625
1565959
1892667
1672375
2749625
1782833
1690042
2215791
1831500
2498541
2596334
3024209
3235167
2676375
1694709
1338875
1356291
1474042
1261958
2174792
2338125
2310042
1810916
2335125
1588417
1678958
1260417
6113417
2023917
2530375
1834708
1524250
1762417
1495667
1712250
2506166
1680333
2493667
2160917
1512209
1248083
1783000
1974667
1962333
3256417
2527458
1888166
1520708
1778000
1690750
1479250
2365833
2490542
2923959
1837375
1620375
1427667
2056791
1947750
3724708
2349750
2536083
1333667
1511792
1716000
1536708
1834500
3308667
1945958
2670333
2042334
2941709
1713834
1719084
1378708
2818333
3686208
1973750
1741375
1262916
1585292
1864375
1647792
2846542
2908792
2278709
1719333
1439333
1649667
1529791
1678167
2551959
1624167
3122667
2152458
2024917
1783375
1569958
1434750
1625125
2311500
3609958
1929458
1829333
1391208
1364625
1320750
1986083
1803458
1706792
2244875
1680708
1666875
1695958
1244083
1544667
1753916
2054625
1887583
2414167
1976167
1875459
1385208
1435125
1554833
1161041
1547875
3098667
2399958
1988583
1500958
2004917
1766500
1703792
1687250
2139750
1753375
2805333
1720166
1918417
1748334
1736583
1404583
1566167
2373916
2920208
2313084
2160416
1565584
1549666
1546458
1556333
1415041
1886542
2828875
2575291
1699667
1602250
1549792
1563292
1539500
1547042
2491500
3023875
2152208
1493041
1784958
1619250
1690750
1455417
2656709
2000417
2632917
1949709
1455583
1518833
1784250
1664750
2510292
2281959
2285459
2450625
1416916
1383709
1686083
1424583
2133084
2323417
2859667
2114709
1658750
1919417
1715875
1385875
1398917
2927458
2568250
2382458
1485416
1488500
1783708
1356792
1217083
1365625
2144291
1686083
3304458
2004709
1511916
1506042
2069667
1529291
1315541
2534667
2346042
2075917
1820667
1263125
1611791
1679500
1657625
2089083
2282708
3437333
2131625
1610291
1544875
1270042
1222708
1800625
2049917
1491500
2181209
1970583
1751250
1511084
1399708
1460667
1641000
2076834
1590709
2213167
2234541
1690625
1588417
1524541
1340208
1433125
2028417
2420833
1572291
2194458
2115166
2166875
1930708
1471541
1538833
1669625
2584959
56750
2411166
1691375
1888541
1647750
1841542
2206292
2059083
2479583
1451125
1407750
1661084
1434084
1444792
1545375
2276334
1701583
3045750
1821417
1849208
1473250
2003250
1547416
2275583
2221666
2402625
2302584
1540250
1754542
1617250
1518916
1164750
2147917
1989292
2935875
1774792
1471792
1442333
1424958
1474292
1392708
1759500
3006083
2310416
2179500
1329667
1326666
1790334
1593542
1381584
3022333
2392416
3131125
1879833
1914125
1541792
1572208
2085791
3039958
2851875
1924958
2046166
1631250
1530250
1142500
2026208
2456291
3104167
2496458
1858000
1469500
1594625
1373875
1512375
2703208
2977250
2358792
1780833
1447209
1556542
1305458
1438042
24427625
5174333
9648667
3540791
2578666
1806875
2383333
3378250
5012166
2383833
1555250
1250916
1568125
1478959
1315584
3444625
3453416
1783417
2216875
2129583
1890500
3597292
3540750
2454667
2014291
1804666
1418042
2151750
1693083
3395625
2591834
1993375
1614750
1406000
1630083
1761125
1398375
2485125
1933167
2605167
2994167
2462042
1769042
1911917
2654625
2179708
2194417
1835333
1919958
1686417
2170166
1746625
2434542
2267167
2793583
2898792
1740084
1712084
1665584
1987625
2311750
3297417
2211792
1636750
2005917
1722084
1530625
1711750
3069500
2792833
2606750
1916833
1708292
1439542
1472458
2153709
5466958
3139375
1882875
2235750
1675625
4134334
3048708
1776958
1822125
4314292
4234042
4105292
2540125
2075917
1748292
1693458
1476792
1882750
2513208
2037792
2297042
1675792
1776791
1593125
1787375
2183167
2806709
1877417
2791000
2368709
2396167
1463167
1402750
2666250
2023667
1638833
2005458
1882958
1801084
1438667
1884083
1389041
1878625
2326375
2142250
3378625
1843792
1722167
1639875
1332916
2391958
1786042
3319708
1947375
1687250
1875459
1449250
1909208
1428458
3017000
1789291
1888042
1871416
1438625
1344208
1750292
1367000
1394500
2496083
1573958
1788250
2630167
1677417
1619458
1935875
1335417
2233750
2248667
2185084
2272708
2167500
2282500
1677042
1490250
3034791
1889916
1956416
2099250
1902000
1522417
1509666
1574708
1469416
1805791
2450625
2317042
2787125
1729333
1385667
1275458
1449917
1250917
1653542
2176791
1734250
2434958
2129292
1801541
1622458
1367125
1303250
1366916
1938958
2177542
3497042
1741334
1949958
1840125
1552959
1531208
2452417
1733917
1743625
2257584
1973750
2175667
1340750
1296250
1657250
2425166
1891417
3101292
2173875
1706041
1506792
1877375
1988333
2272583
2001791
2138292
2419958
1840500
1574208
1539417
1638208
1975333
2237958
3862208
2032250
1510458
1609667
1432458
1440083
1564417
2797875
2736584
2147875
1859375
1726416
1699333
1538792
1427083
2761042
2052500
2005375
2102208
1676917
1839375
1837541
1426708
1804750
3391709
2831833
1897708
1890375
1745292
1486083
1590500
1444875
1677084
2610875
2562916
2068250
1854250
1632959
1885500
1392625
2774167
1751917
2038958
2249583
2093041
1241709
1471000
1434791
1286917
1774250
2677500
2547542
2649250
1819500
1934292
1764917
1530084
2378333
2020333
1950583
1668208
2084917
1659542
1852625
2051667
2937875
1610833
2747208
2048833
1735709
1645584
1362292
1309917
1163167
1410875
2475209
1908083
3196875
2152750
3079541
2318125
1821667
2492541
2224500
1763000
1991917
1912833
1748625
2102375
1380209
2894583
1568000
2443542
2671166
3737917
1795833
1866083
2522791
2272792
2682166
1662666
2239875
1704916
1677417
2603834
1675375
1236000
2642250
2325125
1999666
2079750
1805208
1345625
2054209
2003459
2853417
1634084
1711250
1744417
1655583
1566541
1509459
5144625
2298125
1758167
1722791
1627417
1952375
1573583
2313417
2001125
1904542
2549375
2462875
1882291
1807333
1407542
2812250
1946584
3371667
2406500
1935125
1072750
1115958
977833
1445291
2021625
1858083
2824833
2559375
1819083
1726042
1576542
1579375
2939125
2056625
2969917
2638792
1591208
1634750
1988792
1536916
2529459
1752208
2910708
2503333
1578709
1692208
1989167
1681417
2913209
2995375
2151291
2061125
1487083
1559709
2534833
3114334
1824084
3000834
2336875
2207667
1926375
1610500
1831417
2851625
2016167
2547458
1666250
1444042
1405792
1267709
1398875
1628917
3183209
2784209
1884334
1447458
1598791
1595250
1584792
1335042
2118833
2240042
2500750
2738708
1569625
1440000
1909625
1406791
1595584
2597000
1701042
2292584
2193375
1471500
1389333
1711833
1359833
1529958
2623083
2337208
2183125
2378750
2219750
1765916
1559583
1720917
1636500
2077583
3245791
2430541
1971500
1717000
2179583
2916167
2034084
2669500
2216125
1523500
1742167
1621875
1723542
2909000
1968375
2029791
2587833
1937625
1635334
1690709
1579541
2035000
2551583
2824750
2315667
2075500
1946459
1748667
1831208
2049541
1830209
1692583
1494875
1538167
1669417
1536917
1442375
1634667
1511875
2205542
1689083
1894208
1245875
1477583
1646000
1677166
1417167
1199375
1554417
1678208
1972916
1962875
1613250
1400584
1357000
1470584
1611833
1297083
1315417
1382375
1492291
1684292
1341375
1634250
1171750
1638416
1388125
1880292
1395125
1576459
2005791
2144916
2385292
2146208
2288375
1617542
1438458
1381167
1557167
2039625
2571333
2867292
2135792
1288250
1627875
1623917
1369667
1349958
1844375
2147417
2333875
2548958
1804333
1609125
1403959
1499833
1385458
1424250
2712209
2285417
2858875
1746291
1638333
1723125
1516250
1464958
1686584
2374625
3686292
1924708
2019334
1864375
1589459
1258333
2171041
1913750
2959666
2010875
1622250
1474500
1498375
1562875
3094500
2205875
2679375
2048959
2012666
1816709
1169000
1520583
2763042
1854167
1741000
3051958
1943542
1440167
1768334
1592208
2151458
2561041
2322333
2662583
1763667
1530833
1420834
1468708
1742500
2459667
2360708
2130084
1647042
1377334
1478834
1291167
1533542
1609250
2129333
1781875
2449959
2919875
2315792
2270750
1423750
1762292
2544875
1803000
1839958
1796542
1562292
1799375
1430833
1423625
2040583
3150417
2210458
3227709
24781959
8057709
4558334
1781333
1508541
1847125
3048458
2370459
2750375
1880083
1358500
1195375
1098542
1649000
2711125
1411792
2114917
2436916
2710458
1670667
1726334
1254792
2444917
1709583
1605458
3109209
1925834
1525000
1350417
1589959
1356875
3512208
2160667
1699042
2617709
1300625
1185375
1498708
1526042
1459291
3578292
2186125
2279500
2217000
1899500
1632417
1669834
2451459
3244708
2992375
2060042
1340208
1559792
2414333
1617041
2257208
2473291
2404125
2481125
1964917
1471250
1785417
1856625
2707250
1382875
2751000
2107750
1345416
1470250
1693500
1612125
3315167
2603334
3327583
2561125
1651833
1523791
1357708
1963375
2349542
2486208
3333250
2051959
1748459
2029792
1892375
2784458
1609625
2550542
2554125
2138791
1458667
1668833
1401708
1850042
3375167
1875666
1853250
2706500
1451417
1236750
1746542
2376000
2340416
2809459
2305208
1791583
1423500
1435625
1318875
1640166
2125500
1850375
2549583
2049917
1765209
1551125
1263791
1343333
1308958
3078875
1698250
2151875
2775209
1489416
1378458
1519625
1800375
1793167
2919958
2042500
3026208
1991625
1496500
1292083
1371541
1690166
2493458
1649125
1554833
1838958
2846209
2018917
1612875
1786292
2416166
2993417
2742250
2056208
1788625
1425709
1292625
1532834
1571459
2367958
2500167
1759625
1542875
2214500
1578125
1660834
1548916
1843208
2680166
3204625
1991667
1976417
1846959
1474291
1465625
3917166
1640750
1588083
2195583
1805583
1919000
1753750
1349000
2022542
2201709
1772709
2062375
2079709
1770042
1263542
1347250
1703792
1892833
2092542
1394709
2309208
1872500
2229000
1659042
1317750
1498625
1233250
1580375
2394167
1837625
2783875
2036250
1373083
1377833
1313459
1546333
2500250
1894750
1975542
2332750
1851792
1848333
1561750
1464208
1478000
1773792
1897916
1976833
2056666
1772500
1830791
1755583
1545666
1366500
1502917
2075042
1881750
1581458
1687459
1816167
2568209
1626542
1411958
1876875
2493625
2343833
1946375
1559000
1648666
1275166
1377250
1454708
1800375
2224167
1702417
1550458
1897500
2276250
1528125
1621625
1299458
1477000
1360625
2608291
1950875
2002833
1751667
1959791
1919834
1453833
1427542
1624875
1974041
2195292
1660125
2460209
1985041
1780250
1493833
1508833
1486334
1962833
2447042
1871292
2287583
1658500
1770792
1917667
1525250
2053542
2159417
2533208
2046792
2108167
1342083
1452500
1543125
1481833
1587167
1703917
1860292
2127583
1742959
1637833
1272500
1320375
1380708
1620875
2613250
1694833
2181417
2047209
1783209
1567708
1764291
1589875
1682167
2213791
1845000
2061542
2546125
1859834
1792625
1687875
2110875
2697667
2667708
1883417
2017584
1867000
1275583
1472333
1341167
1524250
2468042
1525292
2839833
1930875
1873417
1338958
1247083
1602792
1474416
1545125
3147042
2829542
3123584
2126917
1533208
1655166
2646083
1748667
3261041
2645166
1097917
1212125
1979833
1272875
1729459
3733208
2167750
2505458
1800625
2190250
2167791
1332750
2785459
1674666
1254625
2415625
2438500
1667250
1598791
1777459
1678958
2490875
1832000
2224916
2720250
2406750
1653416
1468709
1717250
1328333
2276458
3037334
2074667
1556750
1979125
1472833
1628500
3950459
1822166
1784000
2459666
1515417
1320250
2086666
1732625
1633125
1663292
2635167
2580042
1983250
1619542
1356125
1704167
2474625
2449000
2927792
2809792
2138500
2035375
1744791
1368875
3293500
2383500
2669500
2391042
1913667
2091833
2012000
2678083
2753875
2022875
1671500
1879125
1718750
1319292
1346250
1843250
2354167
2791583
2711333
1725667
1273959
1508750
1225125
1380042
1452875
3334416
2420416
2694208
1738042
1581459
2467625
1841084
2589125
2435375
2207250
2457833
1768333
1628584
1800500
1437041
1627875
2470666
1734000
1963750
2084041
1679417
1479625
1691583
1551792
1762750
2331666
2620417
3030333
1262208
1935333
2086000
1352958
2578042
2051792
1736000
2109000
1579000
1841834
2031750
1431500
1257875
1943042
2667958
2033667
1751667
1952333
1401667
1473458
1615709
1526333
2148666
1772792
2694625
2392583
1613792
1957959
1699458
1301125
1553375
2602209
2263292
2627250
2282125
1708875
1403334
1409875
4063042
1659417
2301542
2142041
2248416
1904417
1519292
1386709
1565541
1913042
2527083
2393375
1464708
1898417
1617834
1348375
1385791
1603917
1344667
1899458
2891417
2178459
1915833
1625583
1388416
1469000
1385541
2002833
1732584
2370500
2372250
2115500
1931041
1529583
1396834
1324000
1524834
1911459
1531208
1662584
2094958
2076375
1521541
1517125
1600458
1666209
2692541
1850458
1398417
1670459
2480041
1434584
1524750
1320667
1180667
1633125
2532334
1689583
2454667
1906208
1440917
1393917
1276833
1512208
2934250
1446292
2424209
2055875
1991375
1359292
1523583
1356167
1316500
1331417
2709791
2086541
2636209
2011625
1962791
1473209
1491708
1360667
2548291
2182875
1811916
1659667
1533375
1376708
1520541
1705459
1352208
1698458
2549834
1843959
2245084
2320459
1539500
1927042
1943209
2005958
3438208
3039500
2975167
5228917
4929667
5626625
4205916
3779333
3274167
3037417
1719292
1499291
1507042
1661333
2610459
3877625
2328042
2768125
1656791
1585834
1502334
1411084
1612084
1774792
2554917
2657375
2277292
1925042
1343583
1297792
1494542
1500250
2186708
2022291
1846500
2446875
2519625
22430542
7377541
4391167
1906917
1559125
1305167
1636708
2758834
1961666
2275333
2067541
1970875
1485834
1648958
2061750
1954084
1749667
1627292
2063916
2137375
1387542
1470625
1607000
1798208
2312833
1961500
2121417
2259416
1858125
1684583
1429875
1472500
1675333
1846500
2306875
2065208
2021208
1449875
1563000
1789750
2481417
2318583
2340208
2376208
2207500
2953792
1457625
1873125
1496000
2913416
2079209
1789458
1850000
1572458
1476209
1441542
3135625
3069375
1964333
2155708
2044083
1930334
1797125
1586292
1857625
2425041
2528583
2354250
2863458
2334000
1343708
2242333
3421125
2998416
3985917
1758250
2048583
2369041
3868834
2236334
2673125
2117459
1917625
1894459
1912291
3466083
3670250
2107625
2619166
2370375
1744083
1838792
2713250
3128542
2209583
2082916
1925209
1320833
1515292
3535667
2914583
2461750
1654000
1443667
1785250
2041417
3665625
1733708
3125708
3236125
1349584
1251041
3246167
3102750
2608000
4387208
1633625
1567666
1813667
2222875
2666500
1782125
1601000
2084084
1422459
1262750
1963333
1277209
1441500
2312333
2123792
2043917
2722458
2054416
1752042
2622625
1874208
3141250
1671500
1985917
1692334
1523125
1511791
1994333
1586333
1745084
2590417
1395667
1652209
3082916
1765708
1667584
1319333
2151208
2763083
2090583
1921958
2325542
2379833
1459334
1467541
1344042
2529792
1888708
2071292
1988542
1832084
1468709
1644000
1521459
1358958
2186041
2070625
1508875
2115625
2285125
1529958
1718333
1649167
1400167
2553375
2737542
1586667
1615583
2240916
1490041
1600375
1509125
1591625
2481625
1757958
2059125
2452375
1955125
1505667
1378333
1436834
1320583
1393500
2017458
2090833
2585500
2454167
1548542
1468667
1426459
2064125
2162750
1765500
1705375
1866125
2532625
1586916
1606792
1619250
1501167
2632917
1692583
1884166
1777417
1742375
1709625
1484416
1458458
1806000
1456875
2001333
2340208
1598791
1622666
1836792
1404250
1271791
1229000
1542166
2400500
1808292
2105250
1938792
2414458
1737291
1564042
1434916
1843959
2380541
2199541
2263875
1706000
1550291
2143209
1563125
1437958
1422833
2024333
1625500
1734042
1384875
1255125
1328167
1660833
1484083
1313875
1523667
1293125
1860875
1863083
2209459
1649708
1360917
1842875
1407958
1443417
1120083
1432417
1973583
1945958
1628750
1718083
1390083
1984875
1398167
1541667
1688541
1439916
1644792
2204167
1535500
1784458
1998333
1732416
1433041
1345542
1455708
1395209
2810583
1865125
2247500
2323500
1898042
1604667
1256958
1447459
2504042
1954000
1672792
1448834
1547667
2925167
1822333
1463208
1494583
2361792
1578125
1649166
2610208
2440791
1506625
1450208
1341208
1590458
1583875
2078417
1809667
2883334
1614292
1796750
1478791
1682375
1271333
1324958
3028958
2454875
2377625
2016166
1638667
1554959
1391417
1321792
1769125
2265500
2271666
2883042
2437125
1412333
1444167
1630375
1711084
2656708
2432167
1974083
2366292
1462875
1734584
1626416
1469375
2320167
1955833
1629125
1512334
2026042
1606458
1253833
1494208
1410708
1480000
2534291
2464167
2322000
2608834
1405792
1282250
1712708
1816500
2481709
1610417
3138292
2483500
1337625
1517167
1829250
1509666
1995541
2085917
1644209
2079209
1794125
1775625
1508833
1769500
1797250
1815167
3169709
3899667
2236084
1956583
2107875
1665292
2634125
1734375
2179542
3010875
2126459
1747041
1603625
1283291
2216750
2314167
3117250
2191250
1643708
1696625
1241875
1324292
2640083
2298375
2321625
2544125
3107166
2056292
2115792
2019333
2743333
2691833
2413792
1918625
1658542
1699625
1821042
2454750
1985458
1966542
1730042
2549333
1523916
1413292
1392458
1484916
1791333
1996084
1877000
2778250
2342667
2585833
1789292
1902583
2796417
5235500
2149250
1379459
1618208
1379000
1529083
2498250
2111709
1755000
2844375
1904583
1972667
1385542
1482166
1226458
3076209
2310333
2615916
2609083
1868084
1459792
1761083
1543541
3182541
2481209
3500209
1769625
1923000
1628458
2963208
2617208
2592083
2403292
2434542
1479958
1673834
2030042
1806833
2199292
2609500
2287792
1474000
1717625
1700625
1386708
1618125
2948667
2016083
2292625
2148291
1541500
1244542
1260500
1957416
3039292
3158458
2675792
2004459
1540334
1415583
1990875
1777542
3047875
2251250
2079875
1940416
1564167
1711500
1763250
1436000
2474875
2152583
2253958
2206125
1717625
1522750
1451666
1723833
2264500
2572000
2158875
2587958
1993750
1538500
1645292
1906333
3168666
1637458
2316708
1844958
1640500
1634750
1601541
1688375
1726125
2431625
2766125
1970208
2909083
2019792
1792833
1836333
2627333
1895000
4127041
2143292
2362542
2286166
1856584
2248250
2141625
2119542
2089709
1688750
1702959
1945917
1291958
1806167
2190375
1909750
2950791
1697166
1682917
1474250
1560083
1720708
1555833
1873667
2526750
2293125
1987958
1565291
1553708
1751709
3116166
3299083
1488250
2395000
2102959
1507167
1365166
1577042
1538875
2785208
1973542
1830875
2496833
1829750
1545166
1483459
1470708
1628709
2642792
2530541
1879500
1779958
1533625
1688584
1633792
1839500
2885167
1674000
1845916
1810708
1971083
1436375
1320500
1229000
1428375
1310375
1928875
1658125
1826500
2479334
1799875
1611875
1517833
1811292
2029917
2277708
1509500
1833709
2526375
1872459
1772583
1478500
1198667
1531583
1479083
23810125
3439708
5438167
4208166
3439750
1693333
1418917
1464500
1639209
2131250
2296959
3117125
2985167
1992000
1807375
1396250
1183416
1644791
2554292
1870125
2791291
1810375
1522875
1762125
1819417
1745292
1669708
2222500
2332834
1655375
1730959
1684625
1770875
1423042
2060917
2207250
1654667
1629125
2578958
1948375
1873667
1758583
1369708
1365583
1969000
1992000
3312709
2293833
2405583
2969208
1758750
1941875
1946792
1707375
1764208
1927042
1670625
1578000
1364792
1402125
1395584
2503167
2171416
2790583
2171375
1288875
2149166
1436917
1416458
2515792
2748458
2382083
3178333
2455500
1791833
1360250
3176666
3481333
2419292
2160500
1510709
2023459
1958334
2499667
2413750
2794834
2029875
1409000
1731708
1492000
1427917
1687959
2514958
1612041
3315209
1937458
1572625
1547791
1662416
1620041
2004875
2483625
2307750
3548709
1830292
1509542
1735083
1366083
2385834
2597000
2600125
2079750
1468500
1582208
1478417
1159291
1861417
3206291
2768000
2478500
2209500
1218458
1590333
1730416
1845167
2240084
2608125
2211042
2371375
1520792
1334334
1675875
1289333
1881875
2758125
3855834
3670917
2349834
1951750
2689042
2448167
3112417
2620958
1931709
1974459
1882917
3243291
2240250
2916708
1951709
1534375
1692750
1957083
2597250
1883834
2474625
2743042
2315084
1643417
1530291
1527625
1569166
2435083
2322041
2302584
1918084
2035625
1298375
1380083
1308625
1337334
1781750
1915000
2767750
2109584
2020875
1401541
1439750
1533084
2491958
2452917
1907458
2836375
1396667
1294709
1552125
1269625
1413000
1425167
2707500
2577833
1750750
1664375
1605708
1846625
1397500
2011917
2719125
1849083
2604500
2171709
1912709
1559625
1572333
1502250
2038375
2420958
1886750
1999959
2120666
1687250
1468042
1904666
2050208
2445250
2006750
2822250
1883542
1540667
2090833
1572458
1387709
2947292
2042583
2163417
2487333
1571416
1485542
1335125
1711041
1848041
2720625
2759458
2291834
2074166
1534750
1361917
1443333
1259708
2239333
2109375
2861334
2384125
1771792
1698334
2244459
1605958
1587708
1862542
1927041
2261708
1796583
1597375
1631625
1678791
1426583
1477500
2442166
2987083
2496375
1647375
1600542
2107959
1732416
1468875
2999792
2608625
2031959
1769916
1413042
1624583
1609458
1297375
1591958
2702875
2487250
1829917
1494000
1363834
1662041
1953125
2043625
2888416
2958666
1994208
2190667
1405750
1352708
1577541
2387792
1723584
1996292
2225667
3076958
2113000
1665334
1580042
1579416
2398709
2411666
2200500
1773500
1938791
1472042
1491000
1259667
1732750
1652041
2167083
2505042
1968042
1450084
1630958
1512292
1398583
1360125
1382083
1601916
2983834
2757042
1723250
1413292
1509291
1450792
1955000
2273625
2304875
1727625
2032000
1994917
1540750
1389708
1646125
1610042
1487291
1603584
3438583
1939208
1787833
1550250
1556125
1464041
1609416
1525209
2431084
2374959
2190084
1305750
1416583
1448000
1320959
1445375
1446792
1853166
2068583
1953167
2045541
1649125
1951875
1823584
1454792
1498000
1746792
2487292
2288875
2839041
1627750
1458292
1591292
1668875
1421041
1395667
3399792
1949166
1882500
1957917
1420667
1399875
1394875
1911875
2288125
2097458
1975208
2903958
1582208
1550708
1461042
1360834
1588167
2843084
3126083
2331042
2088959
1571792
1821083
1582208
1417542
2673542
2714417
3229958
1483209
1538958
1540458
1851166
2084042
3174791
2570416
2839583
2135750
1242792
1652916
1797584
2806959
2598708
2742375
2470917
2537375
1571959
1992333
2478166
3036625
1997042
2106209
1483167
1674792
1662042
1903375
1563416
2308084
1970625
2159792
2733125
2051125
1895250
1968416
3094917
3657833
1911292
1839416
1480792
1319000
1363917
1386292
2711208
3143708
2517375
1440958
1860209
2364542
1575292
1611000
3129458
1944667
2646958
2442583
1944459
1572042
1338583
1637750
2067167
3333166
2406542
2001709
1976208
1614792
1419542
1920000
2781500
2794459
2199292
1630334
1768666
1807084
2015917
3262958
2030208
3112334
2463500
1576500
1424542
1931375
1682166
1749792
3871583
3103458
2012667
1696417
2223208
1420458
1827250
3860042
2331292
2071792
1620208
2057792
1703625
1652542
2462667
2562708
2708375
1844542
1899292
1562333
1301833
1527083
1891166
2159166
2629750
2304917
1661042
1812042
1707417
1514667
1648792
2602167
2326917
2374250
2052542
2163459
2224500
1819417
3181583
2823000
2942000
2038208
1136625
1170542
1617833
1641625
1528375
2188792
2382250
2243500
1816792
1863083
1437250
1462709
1703667
1991583
2126459
2077166
2255708
1953875
1862542
1255208
1480125
1861666
2246167
3476334
2800583
2670500
2013000
1420667
1966417
3717666
3592583
2449667
2129375
2352000
1914000
2329167
2104667
2384375
1822792
1917125
1771458
1454833
1343625
1569917
1346375
2491041
2309584
1801375
1842667
2060000
1528500
1520541
1573625
2545208
2126583
2338916
2272167
1503083
1512458
1663916
1575833
1629000
2080125
2970834
2608667
1825167
1670500
2033334
1421958
1611583
1778666
2259250
2597084
1792458
1372708
1635333
1344333
1554500
1324042
1491417
2796167
1989083
2516459
2189208
1685792
1453041
1796292
1525500
2138958
3119083
2538625
1804917
1513333
1582292
1339292
1353000
1444625
2095625
2274917
2192958
2006750
1531125
1520583
1775708
1770791
1876250
2413000
2587083
1753542
1739708
20330834
6095250
11087750
3262458
3775083
3384375
1775000
1842125
2121583
1579292
1755750
4229833
17382042
4518958
4733166
4429167
4843625
5653791
2290500
2826125
3404833
1698042
1733833
2225542
1342791
1678250
1419166
1348000
2308125
2673791
1987292
2291625
1475625
1429875
1669583
1468083
1507750
2954208
2144375
2040959
2497833
1572666
1598458
1344667
1248250
1354875
2548041
2230416
2001958
2468375
1345958
1398458
1382333
1362834
1757750
2649958
3223166
2027417
1959750
1403583
1596291
1352292
1469333
1772541
2701875
1759083
1911500
2168000
1578750
1566000
1343667
1437292
1464667
2293083
3207542
2130041
2096750
1488500
1321625
1796958
3393208
1846834
2716208
3293834
1716208
1526958
1472459
1291042
1595750
2499334
2280750
2570791
1604333
1459584
1465125
1279042
1345291
1769958
2522666
2183708
2538208
1725584
2361083
1771958
1602125
1508209
2503833
2249209
1883208
2326458
1732084
1374417
1263375
1892458
2450375
3847750
2200875
2050625
2284833
1580709
1421125
1353083
4015583
2428334
2352750
2184542
2094083
2036167
1898708
3606167
2501041
2653459
1970375
1515250
1722625
1502125
2102125
3997875
2442500
2998792
1535959
1624667
1665209
1464459
2777000
2087250
2001083
2124000
1762917
1891791
1109333
1560500
2867583
2037083
2106417
3118500
1844125
1598333
1856667
1322084
2191250
3367292
2363209
2758417
1894292
1757584
1810875
1646916
2717584
1939792
2654250
2653125
1657292
1749333
1872875
2156708
2911041
3123667
2007042
2200750
1434917
1646709
1588375
2622750
2168583
2944250
1833625
1783625
1659209
1468125
1361208
3423708
2655875
2769041
2027500
1594500
2007791
1565583
1625917
3230458
2345250
2315375
2175459
1842625
1847250
1344375
2973500
2135375
3304375
2131250
1962125
1594833
1918792
1548458
2673000
1695041
1577542
1499416
1741291
1274459
1282083
1529250
1302000
1441792
2672417
1593042
2019833
3161792
1506166
1321167
1337166
1685417
1709958
3059958
2162625
2459459
2169250
1860500
1607750
1413083
1959541
2714250
2427083
1818875
1685500
1627250
1769083
1667125
1666500
1557583
2544000
3241750
2351792
2324916
1332333
1439541
1947667
1803166
2226750
1717416
2142000
2390667
1600791
1500334
1442875
1787417
1628875
2772292
2213334
2045458
2269167
1695875
1330875
1330000
1251458
1397917
1860583
2205541
2272625
1810417
1645375
2191000
1457583
1364042
1770042
2294333
2619125
2076583
1849042
1536917
1511583
1525000
1532750
1721667
2296334
1877125
2787959
2202541
1378792
1716042
1694375
1898833
2532917
2673584
1873292
1976125
1713834
2037791
1427417
2477708
1988375
1879958
2047750
2121834
1990375
1573375
1707709
1394916
1585667
2300917
2740708
2052250
1820334
1799958
1653750
1439583
1390958
1531167
1596167
1964375
2512042
1653417
1802417
1448417
1573375
1404541
1367209
1994583
1987417
3398792
1888750
1529291
1525250
1405458
1285333
1416916
1420375
2690500
1904792
2487333
1775417
1585459
1766125
1363959
1835958
2841083
1990583
3744458
1813958
1448875
1444416
1655792
1565666
1498083
2049958
1874708
2492875
1429708
1606667
1568375
1471625
1505625
1482000
1671250
2492083
3067750
1720667
2153625
1543625
1486292
1368000
1951417
2057458
2410000
2838792
2055541
1741500
1896125
1561708
2631667
2486958
2287292
2037375
1521208
1745208
1540083
1517250
2509459
2882708
3460750
1770083
1864250
1813250
1749375
1877708
2946833
1922959
2956250
2067375
1506000
1694333
1375209
1422417
1897792
2772125
1921209
2070709
1803834
1520875
1750917
1524084
1639041
1476916
3659750
2496292
1902875
1824208
1475375
1553166
1272708
1849209
3192250
2192792
1320791
1389208
1464292
1549125
1430917
1729667
1855542
3024250
2350417
2434208
1734875
1595000
1401542
1452875
1569583
1689792
2950167
2659417
1805709
1834458
1790334
1343000
1715833
1440666
4286000
2779666
2391375
2179042
1373542
1914875
1801917
3043583
3793417
2377333
1259000
2106750
1096750
1606625
1291875
3015541
3169084
2398750
2140250
1205875
1492959
5251875
3033917
3009667
2025500
1466792
1407667
1599167
3048459
3335833
2765833
1807083
2080833
1849625
1598000
2048958
2450041
2668666
2676750
1825459
1729750
1510708
1575583
2128334
2237875
2220583
2178000
1593917
1627250
1436792
1396750
1436792
1575292
2604750
2237416
2225042
2008042
1939916
1945583
1279916
1045625
1545542
2031333
2304375
1710083
1725041
2004042
2019333
1588584
1385917
2442459
2443875
1906042
1879833
1476750
1790666
1531834
1647750
1770625
1773333
2389833
2340125
1894417
2067541
1716917
1630750
1276459
1539916
1496708
2189167
3047917
2806125
2299625
1763084
1397916
1929084
1751375
1757417
2096416
2749459
2110542
1508583
1776167
1825167
1669250
2214584
1708125
2350833
1952875
1617167
1489375
1492291
1729583
1672959
1935333
4335083
2744292
1459833
1816792
1465917
2735125
1964250
1982250
2108708
2228958
1397750
1468375
1394666
1559375
1339417
1885625
3947666
2275042
2990583
1525167
1762292
1613000
1524458
1851167
1972166
2197042
1481584
2312458
1633000
1475583
1397875
1400917
1898125
2672750
1888416
1594333
2464833
1563959
1533750
1592125
1648958
1841500
2017375
2790917
2001666
1912875
1283708
1481208
1268458
1423208
1345583
2521250
1945583
2344417
1948167
2003209
1298875
18507959
6890958
6470709
4101833
2272083
2814834
2145292
1898875
2492709
1506375
1636250
1537292
1421750
2208292
2518708
2635166
2232416
1426291
1527458
1527458
1721250
1562666
3246833
1567167
1658209
1720542
1355500
1419083
1751750
1605625
1734667
2394292
1811583
1577583
2150750
1727542
1360958
1415875
1349000
1810459
2431375
2220042
2137208
2674250
1694375
1450917
1384584
1434333
1598667
2838792
1943083
2023917
2181917
2264458
1411959
1999125
1766250
2011416
2574917
2397500
1717625
1838417
1526084
1525375
1552709
2162500
2677125
2109375
2473333
1905833
1493791
1426667
1502375
1172750
1328958
2455625
2047541
1815416
2469250
1574083
1464708
1374417
1829625
1265667
2024708
2481250
1812541
1895833
1560042
1572292
1267125
1406333
1330250
2396709
2356125
1848000
1935250
1723583
2090291
1237709
1656167
1630667
1601667
3083833
2459167
2343375
1987208
1792667
1257125
1187083
2873083
1557750
3741084
2364667
1737667
1450125
1700667
1530375
3124667
1294667
1999334
2802250
1507917
1740375
1540250
1247292
1654917
1915625
2069250
2739084
2217792
1820416
1785709
1751750
1443250
1781958
3150375
1901166
3071542
1777875
1577833
2219417
1205500
1766792
2266834
2945917
2406250
2128125
1594250
1367958
2141167
1663333
2401042
2890750
2268292
1890625
1381708
1570000
1468667
1211333
1342125
3347542
2903833
2127583
1721209
1272334
1451375
1834667
1466250
2440458
3619750
2688584
1410000
1497875
1693542
1603708
1737083
2733375
2554667
2204167
2014375
1433166
1255208
1600458
1513000
1687417
3026375
3631584
2252417
2363333
2103292
1240417
1141250
2774500
1806959
2441916
2660416
1721875
1555459
1676750
1331875
1438083
3301292
1988666
1810208
1912750
1734000
1490416
1421791
1890958
1431875
2351041
3017333
1983042
1866041
1605041
1384458
1308167
1360166
1640042
2342375
1993458
2270791
2037834
1429666
1321333
1301541
1188833
1424541
1988167
2658583
2291542
2012208
1862583
1366584
1295041
1299583
1160458
1435208
2754750
2364666
2362084
1470875
1362375
1679958
2073375
1555459
2776417
1887000
2248625
1720041
1509292
1602000
1381708
1513875
1761875
2796833
2701000
2157584
1650250
1437000
1296750
1467916
1237833
1670333
2487834
1754084
2106542
2341125
1939542
1788125
1487667
1310250
1449541
2736667
2067084
2065916
1997917
1876792
1438667
1287834
1709500
1484875
1754000
2885291
1953250
1790541
1682833
1655167
1325750
1301500
1345833
2230917
2251125
2956125
1911333
1889875
1503625
1212000
1231125
1470250
1489292
2060000
1920584
2182791
2420042
1992916
1411583
1331958
1345333
1351708
1981500
1236792
2001333
2358500
1729333
1423250
1618542
1718250
1876917
2510667
1881084
1521375
1912250
1400791
1245750
1501250
1321500
1646875
1307291
2326084
1464334
1912167
2763375
1360500
1600917
1891792
1434084
1391875
2832625
2097125
2177834
2064084
1567000
1654500
1351875
1526292
1974083
1992750
2244792
3363041
2122875
1558875
1505208
1765875
1633958
2270375
2046208
2127333
2287208
1862666
1372250
1278708
1322625
1549583
1498542
2068250
2874834
2087375
1703000
1315750
1749000
1583834
1436625
2330417
2365167
1839750
2899125
2589417
1817042
1531334
1627959
2454584
1836750
1810667
1718792
1581958
2052875
1571083
1445583
1654792
1558958
2302166
2159667
1809375
2091042
1370000
1667875
1513791
1665959
1427750
2259292
3254166
1984083
1700708
1836875
1540417
1500375
1546333
1833333
1571875
2483542
2504625
1671292
1372041
1839833
1894333
1481292
2418166
2271542
1535250
1681041
1898958
1542792
1483583
1385042
1422000
2337833
3395334
1772750
1426375
1608875
1477125
1555000
1614375
1519625
1720667
2618167
1946875
1356958
1329584
2573709
1909375
1134792
1107042
1637333
3006583
2269334
1584667
1721875
1507333
1240500
1707208
1828958
2175125
2758417
1751375
3774750
2396584
1675208
1438125
1744916
2922083
1761625
2800625
2129458
2825833
1558333
2044500
1821166
2826542
3113250
2494125
2629917
1878375
1396250
1816042
2321958
1922750
2358375
1737792
1684375
2045541
1588750
2147167
1987250
1743667
2284458
2321333
1627375
1223250
1609000
1894208
1477750
1450125
1706667
2986000
3850958
2019375
1679583
1766292
1685209
3238666
3244500
1670709
1501083
1322875
1811333
1689458
1673666
2657750
2350083
2315416
2434959
1431000
1196000
1459834
1596583
3265500
2393459
1889583
2048166
1822458
1687416
1308750
1427083
1903875
2069917
3285167
2492750
2260083
1347167
1530000
1719833
1346417
2846708
1962375
2400417
2297750
2139166
1794083
1752250
1380375
1348292
4237417
2842750
1903833
1756459
1557500
1692667
1610500
3059625
2507875
2779375
1855875
1890625
1810542
2003250
3565083
1917167
2005500
2612000
1566125
1852375
2208458
3855875
2839833
3048875
2859667
2430042
1569667
1873917
2491041
2454208
2292917
2145625
1490000
1593333
1987167
1434042
2477166
2348791
2128875
1585958
1546958
1789167
1523042
1523750
2310958
2243666
2119917
2139750
1950375
1651459
1570834
1556459
1242833
1799417
2112208
2150417
3127291
1877792
1627041
1330084
1569625
1716500
1933917
2542417
2276000
2269541
2664917
1573625
1446250
1787166
1531292
2310000
2411542
2079375
2077167
1956292
1698916
1698833
1727584
1835542
2795250
2045209
1602292
2139042
1635166
1562167
1627166
1593125
2008750
2372375
2173375
1813458
1979209
1396875
1430167
1516917
1498792
3540292
2440625
2199791
1747875
1585709
1650875
1524375
1752000
2619500
1686666
1637875
2558917
1803333
1449792
1423167
1867041
1732416
23584750
3717709
4917667
5565250
2360875
2229292
1936916
1464875
1630583
1617875
2063375
2682000
2035708
1757667
1984958
1821416
1155125
1513000
1343083
1752417
2295167
1746250
1512041
1666583
1678792
2025292
2053000
1654834
1808667
2154291
2214250
2229084
1968333
1650959
1362542
1579416
1965583
2400125
1660667
1925792
3157166
1912083
1458208
1229416
1486458
1561875
2130583
1949541
1793958
1907083
1901167
1771958
1477333
1741083
1103000
1976208
2109916
2159250
2018084
1632458
1436667
1275750
1293833
1754791
1531291
2297125
2209042
1968250
2008542
1831250
1393750
1721708
1341375
1485041
3079750
1715500
2415417
2747750
1649167
1336584
1379834
1590542
1687375
2016208
1611792
2558833
1827208
1413500
1588292
1684000
1484250
1632625
2569792
2131583
2556250
1676625
1629208
1574083
1615000
1328000
2021292
2462708
1876292
2298250
1843167
1651416
1556917
1258000
1277500
1263625
2596792
2457958
2475500
1796959
1850625
1300667
1397834
1443125
1706125
2568333
2902875
2696542
1379958
1733084
1598292
1656583
2954584
2336334
3446500
2586500
1696708
1206750
1467375
1494792
2280666
3180458
2258959
2274250
1666917
1567709
1386667
1668417
2643167
1834334
2598417
2631291
1589125
1718583
1340500
1292291
1375417
2727208
2174084
1792917
2200458
1970834
1737125
1364333
1129917
1109042
2841917
2510292
2254042
2120458
1690041
1679375
1814500
1633875
1239708
2142292
2255375
2477666
2401000
1778291
1564541
1269417
1465708
2679417
2090166
1888792
1737500
2115209
1791875
1385875
1375708
1409166
2120417
2004875
2555709
2650875
1873458
1674125
1260583
1315709
1712417
1928334
2386750
3431083
1720833
1461875
1556750
1369000
1632334
2458958
1630334
2601916
1658834
2167959
1368541
1528625
1728542
1734500
6311416
2248041
1952708
1772875
1529875
1426542
1740292
3480500
3098916
2226417
1766875
1537459
1303125
1171375
1244875
1521292
3075583
2593625
2725667
1851084
1532250
1312166
1591708
3256416
1618125
3081292
2663041
2304208
1571500
1315000
1536209
2689625
3278083
2209375
2240333
1574500
1932792
1419958
1573375
2674166
1974333
2261708
1974250
1519083
1535542
1667292
1505791
1379458
2858791
1840875
2359208
2051459
2208792
1671958
1551584
1676167
2450084
1817291
2616541
2016166
1662375
1660250
1380541
1382959
1638750
2797750
1541584
1940542
2173333
1389792
1538792
1465875
1343458
1484042
1593917
2375250
1753875
2373500
1957000
1728417
1272625
1582459
1915416
1562125
2087541
2327125
2273292
1745917
2022500
1777750
1679500
2518709
2116916
1554416
1639250
2178250
2231625
1776667
1830875
1508542
1586750
1913959
2082709
2131458
1718250
2151584
1782208
1493083
1854750
3516334
2549542
2430875
1663334
1499292
1574125
1646917
1581834
2422083
1918375
2233083
1981709
1873791
1566875
1526667
1704375
1582625
2386708
1818250
3235791
1839208
2167000
1757000
1759416
1828542
2964500
1898209
2515875
1585250
1580625
1623041
1578792
1474708
2662625
2053250
2215291
2477792
1653292
1165458
1516625
1395292
1312542
1590291
3430500
3005541
2116708
1494250
1959416
1929334
1278708
2070833
2706959
1748167
2441125
1990708
1850208
1333959
1513333
1364500
2908500
1654917
1977666
2252417
1748333
1763917
1527750
1774625
1774208
2686958
1546709
2234125
1879417
2131792
1660541
1432542
1333125
1480834
2977709
2285041
2202625
2178583
1574875
1629209
1324166
1456291
1684209
2328667
1742083
3337334
1858208
1421833
1301334
1928875
1725000
1501750
1954875
1955500
1751875
1483667
2086292
1519875
1587333
1515459
1832500
2409708
2048291
1713000
1874000
1651083
1545250
2052375
1733292
1977834
2985791
2121917
2014583
1608959
1583958
1356000
1462958
1520875
2558667
1860208
1632250
1827125
1666708
2367792
1660250
1312917
2113708
2422667
2499916
2385959
2224333
2678375
1638625
1519375
1611458
2864375
2053042
2741500
1699583
1665083
1343916
1529208
1738042
2773250
2356125
2233209
2379417
1737458
1922084
1873208
2818166
3451750
2192000
2558708
1623541
1436708
1862917
1644042
1770334
1941709
3352833
2957458
1472792
1267666
1638958
1248333
1976416
2346708
1922625
1663500
2963375
2135542
1163292
1415375
1649208
1749709
4268000
2894875
2298792
1570625
2570584
1525084
3250458
1679292
3461375
1547041
1220042
1304709
1503792
1375416
2088542
2997333
2362875
2156000
1934500
1663708
1892833
1297334
1533208
2013291
2452500
2058250
2390333
2124875
1551083
1605166
2765083
2305750
2832041
2178792
2124417
1801208
1510917
1563917
1529375
2365459
4039959
2020791
1971042
1975125
1465250
1626542
1931166
3100041
1799250
2067250
2235334
1677833
1631958
1231625
1571500
1726959
2440375
2542667
2519042
1856042
1612833
1571708
1408875
1406167
3616250
2659834
2144875
2023125
1382833
1262334
1704042
1780750
2255334
3589166
2563708
2014375
1416875
1393166
1450000
1792208
2877333
2483834
2404541
1901958
1416584
1426958
1702625
1781292
2945041
2243292
1981542
1975166
1985667
1603333
4993875
2830666
4067000
1896334
1861166
1553209
1501417
1469417
1585542
3229000
2474042
3143833
2278125
1850917
1633667
1645542
2573583
2086292
1871708
1960000
23004125
5578000
6785333
3235500
1930791
2577334
1864416
2994083
2939709
2089000
1374625
1587875
2253375
1793000
1975959
2038334
1957917
1765292
1501000
1125875
1264833
1549958
2317875
2233375
2106291
1663000
1616583
1595208
1832125
1458667
1570583
2951959
2170041
2183542
2134167
2023709
1728917
1505041
1855875
3350125
2689625
2357833
1992041
1741333
1467667
1369625
1343750
2142292
2107917
1976084
2892000
2683125
2941791
1821125
2109917
1879000
1782958
1768250
2133875
2169875
1705667
1641750
2158750
2103125
1594458
2778875
2151375
1698375
1623459
1547875
1590667
1729583
3723375
2020333
1984208
2396125
1540333
1426833
1401500
1975291
2692458
1642792
1951291
1695791
1847958
1788833
1281292
1351084
1505709
2579542
1874583
2734583
1532375
1614542
1743125
1401000
1644625
1343708
1615875
2508375
2842959
2095375
1641000
1512709
1565750
1541625
2047375
2510084
2600958
1977834
1924750
1455167
1323375
1854958
1835625
2678917
1946083
2476833
2638833
1609417
1555250
1376542
1385459
1282250
2526542
2619709
1984917
2145125
1590875
1319958
1328291
1379750
1380917
2528083
1972208
1823584
2361083
1605125
1579542
1341250
1466000
1799250
2091375
1815667
2099083
2221250
2229292
1540458
1398458
1299167
1353375
2179084
2660042
2078625
2076959
1540500
1393417
2435208
1547750
1712917
2624500
3954292
2758542
1960167
2408917
1534958
2932458
2272667
3482917
2216375
2022834
1701750
1261916
2622792
2258334
1777333
1552667
1824500
1264208
1242792
1433292
1633959
1359833
1838792
2919334
1858250
1729083
1701917
1568750
1699417
1629792
1732084
2944875
1594250
2080750
1689625
1431625
1433500
1627458
1604333
1556166
2633000
3305041
1772250
2452167
1713166
1586041
1859167
1396458
1366209
2805125
2860125
5566250
1717333
1417084
1520750
2823375
1844167
1669500
1866250
2340916
1647917
2033791
1701750
1625333
2775125
1993750
2055458
2042500
1611333
1123500
1213000
1098709
1759334
1796875
3118583
1926625
1486834
1533709
1899125
1616375
1390125
1206334
1486250
2257292
3101583
1544708
1710667
1177375
1427083
1624500
1639625
1489834
1989667
2437791
2515875
1967916
1824625
1525833
1194708
1286041
1748792
2503333
2126875
1998917
2115584
1963708
1636167
1697334
2927417
2189166
2409125
2821583
2400875
1550792
1227208
2287750
2133542
2690250
2493708
2710583
1677667
1399292
1749333
1374042
1993458
3696917
2602666
2265833
1956584
1559209
1660250
1766666
2581459
2086083
2210583
2013291
1634125
1402291
1813458
1917250
2965208
2127958
2355750
2532458
1860708
1510125
1551083
1434791
1673167
2749792
1518042
1743708
2286500
1681708
1618500
1460291
1520584
1795041
1827791
2384333
1791000
2581292
2021750
1755667
1673250
2038833
1880708
2544083
2049167
1967458
1885042
1517083
1493375
1240667
1766500
2127541
1661958
2046000
2187916
2182792
2368833
1368208
1532083
3545417
2553000
2563208
2055542
1749291
1841875
1708417
2203333
2343583
1517709
2792750
2040458
1643166
1230750
1352375
1518917
1872042
2586541
2133166
1706666
1625125
1923084
1514000
1326375
1370375
1294000
2255375
2251708
1628208
2765750
1785500
1635084
1572250
1817291
1465667
2330875
1774083
3972917
2349708
1390625
1832958
1352833
2354959
1903709
1886041
2227792
2119500
2017208
1506500
1580292
1706292
2754417
1662958
2057792
2274334
1935958
1863250
2003625
1990750
1928750
2394291
1889917
1942458
2163042
1662875
1338292
1373417
1624250
1696708
2587625
2316708
1929334
1752208
1632500
1688375
1596792
1489958
1627375
2758125
3437042
1946416
2210834
1741041
1598833
1369291
1814417
2008625
2906125
2316792
1452875
1576000
1289166
1127625
1414542
2224875
1977083
2358333
2005500
2077959
1975625
1335917
1272708
2554084
2689625
2875291
2337625
2580792
1499958
1408083
1399667
1803125
2322834
2103584
2406000
2329292
1863209
1481583
1491750
1609291
1883875
2573042
2273875
2079875
2101875
1598500
1446458
1662042
1657834
2153042
2957667
3646500
2711208
2713584
1746750
3454917
4495292
2167000
2021208
3534334
3949542
1582750
3903333
1729917
1376709
1705750
1683375
1395084
3294125
2886666
2574167
1905167
1632542
2309125
1480125
1643750
3012542
2634500
1793292
2186875
1480250
1450292
1850125
1680416
2859375
2835000
1920500
2489000
1531750
1369625
1625458
1840042
2921250
2673750
2039209
2310083
1692875
1858042
1687125
1624458
3320458
3466542
2321083
1961333
1606834
1725542
1748541
2526083
2449958
2655959
2008625
1975750
1855542
1802917
2822583
1886208
2540584
3314750
1925292
1449792
1613166
1668750
2581083
2630416
2178541
3010166
1734166
2197500
2785542
4355375
4053541
2743916
1927542
1845792
3400541
2713458
2269333
3483583
3580167
4671000
3746417
2762792
3016667
1904416
1632750
1580208
2470459
3052208
2905750
2048042
1780375
1921084
1495167
2630000
2992375
2835709
1576875
1730917
1653166
1385084
1244333
2638834
1990500
2404583
2253084
1346792
1635042
1862417
1649250
1791958
25588250
3956750
8432875
2510708
2032750
1702208
1514333
1430708
1381458
1898542
2440084
2951083
2411167
1615542
1473000
1780084
1311417
1631875
2666792
1952875
1749583
2007625
2337833
1450375
1437166
1685000
1609958
2604708
2532333
2553000
2019208
1570375
1288583
1474583
1520500
1930250
2003000
1603041
1533500
2344667
1856375
1615292
1310833
1233000
1420417
2171833
2622958
1840375
2789583
1422459
1535667
1665958
1441959
1514833
2686292
3219167
2215250
1613458
1230833
1533459
1266375
1302250
1668125
2548875
2105292
2661917
1654375
1428542
1510500
1529834
1614583
1922041
1958791
3263500
2000166
1509084
1798958
1275125
1297917
1603041
1973417
2688834
2945125
2114625
1609458
1274000
1643459
1935791
1619084
2074333
2269167
2152083
2595500
1754083
1858333
1824708
1521083
1832084
2212250
2843958
2275666
1874750
1851625
1505500
1842167
2147208
2688167
2226417
2082208
1952250
2271167
1742292
1581834
2091708
3677875
2727375
1393375
1378958
1793708
1488958
1602750
2907709
1876875
2615542
1666083
1688375
2113916
1266625
1662917
1892375
2281667
3589542
2048417
1825292
1493666
1670916
1484667
1785334
1821208
1424333
2886833
2836375
1869084
1462625
1799334
1682417
3841333
2293584
2538875
1548667
1412292
1594583
1450583
1742375
1979334
3174166
2596125
2076666
1483583
2195042
1429500
1682208
1441083
2848500
1804583
1511709
1751167
1718625
1407041
1802625
1317709
2232834
1505916
3231959
1963833
1767000
1326125
1427209
1727834
1456083
1399750
1960709
2892250
2448292
2220958
1475334
1497375
1288958
1791541
1929500
3488000
2939291
1604625
1336917
1489208
1960042
1390625
2316291
2533209
3442167
1572833
1440834
1677417
1654042
1550333
1510875
2380250
3037459
2310083
2983875
1424584
1294250
1201542
1323042
2408708
2648166
3035084
1804333
1692959
2020959
1256000
1623750
2440291
1904417
3646708
1816708
1922083
2121541
1493250
2134666
2494833
3347291
2998708
1925875
1809333
1657292
3312292
2106625
4830208
2586083
1849833
2296791
1964791
2013667
3303084
2617250
2063042
2270375
3149333
3951500
4846000
2608959
4066167
2763875
5783541
4105542
6413833
6149625
5091667
4635625
5268583
4479917
15867291
17624083
6157583
3790584
5165041
4840250
9643417
5076958
3910042
3153667
5702916
4402500
5318000
6123708
3272208
2436416
4395125
5080542
2524042
2252458
2636125
2332000
4295208
5023750
2259250
2069500
2592416
4694791
3588709
4686000
6447083
10475583
9982125
6318584
3307292
7345250
5497709
2873625
3880084
4818833
4072958
2793250
2399584
5358584
4626250
2573500
1921042
1853750
6369500
4341417
4031625
3743833
5606083
4815583
5440292
5698417
6188083
5257541
5978375
2840334
2102041
1503708
1814125
2098084
5937584
3799209
2361833
2021958
3764167
4689542
2114875
2230042
3015125
5093459
5246000
4122791
3560625
5408292
3891875
2201417
2301417
1964292
7572792
16328708
12606584
7761333
3013500
6357083
4261584
3763500
1665916
1918292
2080166
4466167
3880541
2005375
1714167
1924833
2714458
4395417
3046916
1892542
1475125
1630917
1861750
1574500
3269167
3446458
2595916
2103334
1798208
3006583
3103167
3775000
2486042
1939917
2002375
2046500
1920875
3947459
3818500
3461500
4167542
4973375
5423333
5974708
5272333
6348709
3458083
2986791
3628250
5620084
2663750
2042625
3346583
4453958
3862875
1890125
1749416
1425041
1394125
2030916
2173250
3243458
2423542
1697666
1588709
1287750
1747250
2840125
2948667
2653083
1552709
1434250
1903083
1377375
1427959
1462209
3283834
2872875
2175584
1493417
1493959
1729708
1716375
1518000
3420792
3001042
1478125
1301500
1257292
1825417
1403166
1366833
1448125
2980083
2305334
1451625
1484291
1381084
1781458
1522084
1658333
1496375
2048709
2524875
1910917
1508916
1659125
1714917
1335291
1503083
1441875
1335000
3287458
2066208
1867875
1276625
1585666
1349500
1745083
1887875
2650792
2624875
1429917
2221209
2376333
1623417
1494542
1250334
1802916
3048500
2164584
2820917
1715750
1670125
1579125
1309000
1656667
1433750
3383750
1712875
2535000
1673958
1296958
1742458
1494334
1489916
2925250
2267875
2533042
2117250
1731959
1479000
1189917
1288834
1122125
3047333
1701166
2127333
3017333
1764292
1362125
1154000
1303167
1433375
3130917
2323458
2245708
1916792
1902959
2006666
1616209
3526834
1768000
2081500
3170000
1967375
1321333
2003167
1708375
2627875
2083708
1970709
2388792
1689958
1689417
1828958
1617542
1851500
2512291
2423500
2354292
1854208
1489125
1511459
1893125
1700792
2982625
1697959
1608875
2406125
1699958
1273792
1342625
1229542
1353500
2217667
1877291
1903000
1959084
2829791
1860292
1614708
1406208
2202500
2257125
1437042
1680334
1710875
2179375
1552708
1240417
1643250
1375833
2929875
1909209
2454125
2497708
1674417
1821459
2323875
3449167
1328541
2132334
2857084
2332500
1461625
1581625
1865125
2910875
2305458
3302083
2306333
1924041
1749417
2238416
7294250
3202709
1530125
1689333
1646917
1529084
2882583
1803916
3319834
2206375
1755292
1446709
1413958
2147833
2551583
1972791
2314542
2703500
1750792
1585958
1391917
1458625
2023958
2188792
2590125
2232708
1374500
1578958
1551500
1301292
1936042
3154000
2242792
2963708
1902000
1495833
1417583
1258250
1066875
1429125
2804333
2309125
2691000
1819958
2352625
1681292
1563208
3320000
2018125
6075541
1962875
1333334
1255833
1997334
2620791
1733833
3183833
1764083
1747875
1649833
1491792
1900334
2944833
1699500
2314667
2690917
1631666
1351666
1531083
1645958
1575833
3120833
2583208
2473333
2167500
1587791
1503083
2010083
3009667
3045417
3076458
2473792
1752916
1773125
1896542
2810667
3103041
2553250
1952584
1602583
1378708
1770541
3079333
2669208
2656708
1914292
2117416
1655916
1609041
1406708
2459292
1963500
2316625
1993625
1949166
1746708
1409625
2124334
1738125
2931209
2468958
1975083
2212083
1992875
1431000
1260167
1292958
2396458
2426083
2394542
2326583
1478375
1174833
1452583
1450542
1397417
2074125
1643625
2155375
1726709
2026625
1730208
1465333
1110708
1374709
1357166
2320583
1563959
2098542
1559833
1884917
2386000
1670208
1439375
1847625
2928708
1911000
1835875
2068083
2050208
1784458
1440000
1461792
1220917
2520000
2440250
2234542
2148750
1626833
1616083
1741292
1715584
3166000
2621334
2073541
2310750
1569708
1768083
1571459
1375958
2904750
1998542
1706458
1561458
1909542
1648000
1544541
1845041
2359291
2508541
1889166
1861333
1870875
1817834
2037416
1461625
1562667
1319500
2479667
1878167
1963292
2178667
1995000
1413709
1533500
2074417
2714959
2591875
2335291
1953833
2109208
1453541
1683667
1250000
3012667
2167125
1465667
1493208
1835917
1760834
1401875
1651708
1795875
3058167
2031916
2474584
2064042
1673542
1693875
1651375
1782625
2262959
3084041
2268042
3269875
1798958
1851875
1518709
1466542
1869708
2146208
2950125
1954250
1637458
1540208
1903167
1640958
2274792
2282083
2323875
1847917
1778875
2116916
1604583
1635375
3071417
2131125
2631334
1586209
1779125
1724792
1467541
1219459
1302750
1776416
2422250
1793667
2384417
1815209
1693500
1512083
1436625
1231916
1497166
2430833
2323500
1705542
1919500
1541417
1513208
1223917
1320416
1235750
1506833
2639333
2417375
2183000
2343125
1457459
1366500
1509333
1472750
2309791
3203625
1778084
1707250
1575916
1412792
1517167
1405625
1400208
2992916
1960500
3557834
2216375
1600709
1332458
1773083
1264541
2658083
2259500
1689209
1768208
2275334
1743916
1488750
1755500
1545959
2320625
2701458
2554708
2505500
1920625
1536541
1784667
1527459
2626833
2820542
2330750
2867042
1651625
1777292
1492583
3308958
2415125
2148417
1854333
1476500
1736083
1209458
1814958
5273542
2118083
1896208
1855792
1526125
1392542
1412917
1286125
3167000
2219958
2296750
1860541
1827125
1563000
1394250
1669959
3153458
1888375
1943458
2713792
1908000
1747583
1586500
1557959
1482292
2869583
2226834
1824584
23593417
4164208
8466958
2541875
1760750
2126208
3531583
2494625
2238833
1826209
1608625
1734666
1386125
2656000
2324083
2327291
2466875
2036417
2318125
1569583
1409833
3410208
1890959
2506000
2962375
1643583
1879375
1769917
1391375
3235833
2112333
1979416
2171375
1716083
1547209
1864250
1863167
2928666
1909917
1853125
3519542
1948125
1466375
1579500
1569875
2449416
2525416
2476833
1814125
1761875
1462791
1505042
1568333
1375083
2425541
1684667
1924125
1605709
1631041
1412583
1532958
1425250
1451167
2787166
1647791
2236833
2199125
1693125
1608417
1351166
1449792
1374584
1432167
2914375
2277042
2028916
2389875
3082750
2041792
1407291
2526416
1787292
3079833
1764417
1660084
1407500
1772375
1548042
2607000
2097666
2907417
2093125
1916500
1932083
1436500
1820625
2615750
1816000
3250250
1727625
1995333
1343833
1485083
1431083
1806041
2697209
2263917
2328375
2086167
1644250
1543541
1667917
1540958
3108000
2391000
2022125
2930417
1973750
1408000
1735292
1473917
2627792
2346334
2072584
1386333
1564875
1432416
1251083
1652875
1384083
2204458
1719167
1676500
1579625
1721375
1841625
1630041
1347250
1272500
1708542
3087875
1820542
2719583
1780333
2203584
1537750
1524833
1467917
3129875
1800208
2783291
2064000
1512208
1649584
1190167
1331000
1669500
2597041
2102292
2155416
1477500
1830667
1634542
1704542
1652792
1593875
2188500
2139417
2158916
2306583
1895875
1576750
1613000
1440167
2086875
2334542
1452375
1953208
2772958
1596500
1799333
1588750
1483792
2117875
2803125
2327792
1708125
1693334
2158583
1595500
1495875
1313541
3110000
1880750
2093667
2177958
2358834
1716583
1465333
1758542
1928750
2567125
2553333
1909875
2021250
1496083
1402250
1540625
1464959
2637834
2276959
2189459
1528750
1279708
1568375
2197791
1452042
3405875
1596666
2162917
1699084
1732750
1608042
1467666
1450625
1765750
2678084
1904583
1591875
1742208
1670500
1655542
1328333
1731875
1525125
2284459
1924125
1629000
1795500
2045375
1833625
1737083
1483833
1334125
1824709
2319916
2708666
2540333
1659500
1698959
1522750
1578459
1326500
2618042
1738667
2367042
2412959
1738667
1740792
1509333
1476625
3132541
2228000
2576250
2490916
1886708
1372708
1351500
2015166
2014667
1802750
3223750
1920417
1972250
1413666
1484250
1525417
1376959
2428333
1930667
2107958
2563958
1843500
1482666
1374000
2063916
2729792
2062041
2249791
2771125
1499834
2174875
1489875
1656625
2807166
2391167
1746084
3213042
1478333
1165875
1361042
1906583
2736667
2128166
2776834
2790750
2172834
1909750
1438333
1500916
3125584
12097750
3200750
2079458
3348833
2060834
2325084
1710541
1579541
1843541
3182500
3883583
3691792
1792125
1725875
1997000
3127542
2393959
2533000
2562208
2081542
1546083
1672042
2742584
2295625
3881541
1865875
1670917
1634917
1612000
2079750
4322041
2999583
2038167
3095750
1459333
1314042
3849333
4160792
3472875
2041541
1917709
1190083
1918583
3138166
2396958
1951916
2340792
1997459
1424458
1408583
3874541
3477333
2901959
2137416
1523583
2018125
1543333
2794583
2216709
1989750
2519334
1812250
1483167
1526667
1831209
3064583
3876667
2587583
1958000
1780583
1621625
1965750
2772291
2244375
3406333
2196417
1599292
1543625
1627041
3098625
1484500
2843125
2485333
2217000
1662292
2167666
2605209
2360666
2462042
2164792
2136708
1690750
1509458
1492750
2347541
2473042
2125250
3026083
1830500
1471625
1936458
1791250
2623833
2992458
2766000
2597125
1858125
1295208
1312750
1850542
2863833
3212583
2445584
1984959
1748917
1637209
1560167
2583750
1948875
2128750
3037666
2069125
1458541
1837542
2965083
3476083
2360709
1845208
2311416
2055583
1612958
2020375
2297417
2298208
1939458
1937958
1837667
1587167
1473833
1441500
3298125
2809417
3241959
2231000
1950458
1591750
1667167
1717875
1740542
2890500
2902000
2521375
1835625
1466584
1504292
1438083
2705667
2628625
1762917
1617667
2196625
1899750
1468000
1927083
3690834
3079708
3034125
1671250
1392208
1446750
1301917
1631375
2849291
1981042
2329583
2023125
1217875
1646500
1569917
1265083
1522208
3295084
2058666
1954958
1553917
1617375
1478750
1479250
1419250
1432541
3438541
1636500
1613459
1511875
1824500
1580625
1601833
1729500
1469000
3056083
2040291
1684416
1315667
1240875
1992125
1982667
2003458
2092000
2657875
2464334
1733041
1493833
1952166
1600334
2253833
1409333
2203000
1487791
1856417
1846792
3054833
1525625
1544709
1723167
2706833
2345333
1944416
1838125
2187000
1427416
1561792
1681708
1320584
1711708
3117250
2393708
4049709
3289250
1963875
2857208
4958583
3592083
5064417
15895458
18663750
4623792
4491000
3327625
7109000
14384583
3892791
5370542
2796792
2737958
2157666
4113833
4058666
3498250
2148958
3155542
3140417
3281166
2160458
2338875
1816042
1338166
2292875
2793125
3067167
2749292
2064292
1851583
1931208
2992000
2242750
3000083
1817792
2311834
2277166
2054625
3514041
4264917
2941958
2190292
3466375
3970334
4637000
2227042
2345000
2299167
3127917
3546875
2693250
2504625
1979167
1931667
3510750
2504042
2695875
2766917
1862291
2182500
2850750
3186375
3631208
2464250
2668958
4138041
4433083
3841625
2891958
1909000
1381750
2889042
3147666
3421625
2861125
2189375
2415041
2599166
3869667
3251292
5140959
4440500
3939833
4243792
4516750
3526167
4423792
5607958
3949625
4934792
6706208
3725208
5179416
6000958
2461416
1743000
2395958
2518084
3834125
2980292
2111458
3683125
1477416
1843958
3743042
3078875
3084791
2549417
1560417
2618292
4014458
3282959
2350666
2175833
2443291
1582125
2646209
3290750
3871541
3234458
4505791
3464417
3595042
4056709
5919250
3972750
4055000
3079417
2590125
2063833
2578083
2262750
2827084
2361083
1945750
1491375
2555708
2254333
2578250
2813541
2422375
1634333
1738875
1219333
1799375
3331792
1975917
1951250
2029042
1567667
2020750
1538750
1888583
2565083
5002083
12271958
11534208
5586542
7751417
2344167
1904417
1831459
3697750
2713000
2423666
1578958
1117625
2129125
2209708
2675750
2043542
3238791
1965209
1543666
1511708
1718792
1186792
2635250
4552042
2748500
1654209
2127125
1626042
1681000
2588833
2543917
2503750
2748542
2441334
1843792
1425250
1234708
3169333
3217959
2291208
2521250
1982833
1999834
2353042
2448292
2938333
1963500
2355750
1823792
1268917
1465542
2376500
2510083
3487250
2709209
2049583
1381000
1197792
1727125
2771709
2317541
3037625
2607833
1790333
1742625
1325292
1570250
2347000
2715833
2259417
1909750
2218916
1486166
1312250
2504834
2698375
2658250
3512833
1733084
1745333
1713792
1512208
4623667
3454666
2388709
1590917
1812500
2053584
2521583
2764833
3862958
1878208
1365666
1530541
1737250
1577417
2300584
2382208
2543416
2447875
2046417
1294250
1517584
2059500
2275667
1659334
1915917
1687417
1494625
1494875
1392708
1557875
1500417
1434208
2359958
2485875
2250291
2106291
1542625
1360333
1619209
1306417
1324667
2937125
2340916
1989417
2061458
1841125
2010042
1842541
1440792
2423041
2062375
2541750
2041625
1768334
1356250
1638791
1855417
2000500
2322250
2557208
2485792
2214458
1576208
1493083
1672125
1579958
2779750
3097375
1920208
2579167
1674417
1622208
1577917
2139583
1943083
2082084
3193583
2029125
1908041
1481041
1404250
2212583
2054208
2475708
2264875
1890084
1819833
1469750
1324833
1552042
2577667
2246834
2357583
2967500
1598375
1552084
1655292
1361125
3097125
1672208
1722625
2366667
2153250
1398375
1205625
1359417
1947833
2379042
1902583
2106166
2501167
1984791
1616500
1658958
1474000
1706542
2163375
2203917
2582959
2568875
1351084
1419708
1378625
1547125
1847875
2917084
2530375
2642125
1474792
1506959
1637875
1606167
1519375
2843916
1714334
2298250
1939667
1682833
1816625
1980583
1504000
2448750
1794708
1985334
2424500
1609917
1315250
1670250
1853208
3280042
2531292
2414625
2167833
1861542
2328500
2242625
2223125
3053250
2399042
2396833
1739292
1482708
1307209
2097958
2490542
2224792
2483333
2658333
1819125
1822709
1675083
1678958
2439542
2882917
2339875
1750333
2203250
1863459
1543667
1488458
2762291
1806500
1947458
2333833
2868500
1610833
1611667
2117667
3514625
2576166
1744584
2456500
1734125
1912459
1482459
3968833
3152917
3184584
2449375
1716750
1439708
2708084
2605958
2383959
3052458
2246542
1484833
1458666
1347834
3236792
2502292
2376500
2580209
2049500
1844458
1640791
3756875
2754334
3284917
2071250
1622375
1847958
2236375
2815667
2376750
3106042
2534666
1943625
1660584
1859625
2553875
2117750
2361333
2904333
1960917
1718416
1823291
1688458
3091833
2449000
3608500
4331458
2037417
3409125
5477167
6161167
3438958
5596375
5701167
8665375
6804083
4702458
13463125
18810750
10532208
3689416
3866500
3938959
10553792
5597958
3996667
2367166
2606500
2199666
2614208
3411041
3474500
3553750
1892042
2663333
3337959
2032750
2701375
3316333
2267833
3753917
4504666
3995334
3004333
3353750
4751833
3041459
3959166
2551583
2174083
2419958
4022709
4831292
3819041
2881708
4491166
3679750
3924334
4361000
9626375
2817000
2899917
4938917
3226250
1985209
2436958
3394542
3331792
2389000
3713500
4592500
3062458
2288792
3271000
4872792
4365875
3660959
7133875
4714000
4656333
4802583
2748083
3080083
2190875
3155167
4645459
2777959
4870458
2890125
4748083
4423541
3504459
1684125
2917333
3249416
3940250
3319625
2275083
1914250
3701375
3778875
2801083
2479916
1918916
2135750
3369708
2774791
2643375
2412042
2553041
2618417
2712375
2805500
2417125
4042583
2228208
2593125
1619875
2221916
4316834
3692500
2165625
2345625
2081834
4163750
3640417
3076417
3112792
2404792
3821708
3057000
2689584
1743375
1802333
1585916
1892916
3552417
3000500
2437416
1814125
2122750
1776500
1341542
3416292
3375583
2767208
2447500
1742375
1389625
2219625
2508166
3466291
1974833
1862708
1690500
1826958
2089542
3044333
3078333
2640417
2141458
1526791
1319459
1417833
1439167
1922417
2482000
3482167
3385291
2786125
1659792
2113083
3548834
3452875
3112375
1533083
1324708
1739833
3683291
2653417
4107417
1926333
1682834
1635875
2473208
3160500
3015000
2337375
1906875
2293292
1380042
1270042
1856667
2713708
2307917
2454458
1596208
1557084
2116708
1242209
1382458
2463875
3366167
1865958
1758625
2160917
1911750
1543333
2707583
2529833
2527458
2339791
2097125
1610750
1351750
1562875
2184875
2734042
3386375
2568917
1938750
1333333
1751083
1915250
2601875
2537291
2582083
1766750
1451666
1727833
1831583
1394625
2088542
3107791
2708916
1952833
1521542
1591834
1470667
1540375
1911000
2935875
2380667
1830166
1833458
1639125
1567000
1345500
1392208
2854583
2246000
1631291
1384167
1523000
2245167
1469584
1333834
1646625
2960125
2344417
2068542
1578625
1438250
1513833
1726166
1619875
1274500
1823500
3470958
1616083
1655792
1678083
1296334
1168542
1221667
1552542
1533333
2745375
2936208
2505375
1902959
1737333
1357833
1719458
1378542
3194208
3324709
2135166
1926375
1935333
1791250
2080625
2860750
2413958
1991750
2319417
1612125
1620625
1598833
1656416
2354291
2241708
2616375
1905417
1858167
2045750
1455750
1308000
1769042
2705958
2866500
2302541
1735708
1699500
1345875
2679625
3233459
2087291
2729625
2534458
1565292
2000459
1741500
1415042
3818209
2801041
2731125
1829875
1323042
1242416
1619042
2373917
2100959
2646250
2003042
2553542
1916708
1373292
1543917
1355125
3226375
2504625
1722583
2379875
1616792
1469625
1327834
1547125
3019125
2468458
1992458
1846208
1782000
1837542
1983666
1953125
2928542
2389375
2959750
2203875
1882125
1500667
1415875
2725375
2305250
2173542
2621500
2057666
1340792
1486791
1547875
1475458
3992542
3581292
2673292
1776750
1719167
1889292
2114667
2206875
2180333
1857583
2733791
1775958
1693708
1915833
1726458
3672209
2408125
2625875
1605875
1715834
1714833
1610292
3079209
1979417
2260875
2843583
1631834
1374542
1468708
2096959
1862542
2909333
1911625
2021416
1682375
1382292
1298708
1691000
1798667
3039667
1740333
2338000
2025541
1825167
1383208
1548625
1875833
3082375
1776167
2640041
2187750
1928667
1532875
1457250
1973750
2129625
2645750
2889792
2667750
1776375
1482041
1303250
1704333
2317083
3723750
2991709
1976792
1439916
1512000
1562125
1791042
2722209
3781375
2614459
2208750
1828167
1402000
1514792
3209708
2460292
3631166
2303833
1729292
1655125
1563958
2958041
1719125
4823833
2046625
1394958
1442458
1677542
2634500
2018958
4618917
2656500
1842834
1656458
1263708
1326000
2850167
2789750
4092959
2020833
1471375
1881375
4416250
4710250
2312542
2000375
1685041
1451583
3013041
2569709
26515209
2799416
3488500
9284375
2234333
3177417
1997000
3529708
2484417
1973625
2272541
2919459
2539250
4182292
1778583
1958167
1673667
1376208
1308917
3830833
4418958
2398792
2011833
1508917
1780500
2297875
3674625
4428458
2052083
1834459
1765208
1422084
2767375
3490584
3898500
1882833
1812709
1516709
1842625
2739041
4430250
2154791
1542292
1434584
1645500
2838291
2394666
4095917
2135666
1835541
1501958
1468709
1474459
4018125
4497333
1764875
1793209
1774500
1515042
2449417
4573542
4355958
1940333
1875916
1633958
1801125
3207750
2748500
3130333
1574542
1441083
1875458
1757834
3256375
2639125
4456667
1672458
1393750
1390583
1649083
2627583
2677208
3852500
1885584
1488958
1575041
1535000
3349375
3579834
3591292
2159542
2263959
1516334
1553334
3326000
3675292
2471917
1753917
2271208
1655958
2203167
2519875
4178958
2427708
1810708
1361292
1772792
1868333
2011833
3209791
2586166
1997333
2170375
1669000
1470834
1627042
3547791
2596250
2342250
2250042
1791041
2047458
2786167
2036792
2787375
1885833
2014667
1877875
2113458
1767291
4342167
3274167
2533333
2020417
2115666
2251375
5650084
3121375
2167375
2590625
1439167
1582500
3006542
1965667
3152708
2470542
2392209
1394958
1641500
3229667
2298709
1648250
2236459
2273833
1511250
1480500
1524458
3095375
1878459
3030833
3148375
1970125
1762250
1485584
1944042
2778000
3197667
2441667
2251792
1658750
1495500
1456125
3385125
1622625
1847292
3178959
1795792
1293834
1790500
1688291
2841458
2248583
2867542
2489750
1670708
1755083
1613125
2609708
1841708
2016542
2153291
1715417
1983750
1620708
1733125
1884875
3314250
2058250
2867250
1821667
2257375
1712625
1823625
2456333
2237083
2953459
2159625
2096250
1789666
1877083
1662750
2946500
2498334
2257334
2307250
1468917
1844208
2209917
1509208
2426166
2424792
2367000
2599541
1556750
1491167
1586750
1402125
2470833
1823875
2259042
2364500
2042416
1780334
1540334
1543750
2764375
1996542
3159000
2089375
1754541
1665958
1716500
1585417
1220041
2065000
2224916
2096583
2051375
2118459
1579458
1455750
1582333
1622375
2431750
2747875
2129166
2680041
1960208
1552250
1670750
2290167
1553209
2657584
1758792
1953334
2319166
1651917
1433459
3213292
2634542
2409958
2093750
1447334
1759583
1318750
1593375
3243375
2905625
2700417
2112000
2273125
1757333
1659000
2054709
2418542
2438791
1943542
1928959
1836833
1865458
1755917
1771375
2971334
2366292
3089375
1680166
1815084
1627333
1526667
1428334
2791042
2261958
2943959
2046000
1735375
1868000
1261291
1268083
1561542
2365917
1662917
2378000
2288834
1485458
1902875
1431166
1291875
3141792
1867708
1699041
2385542
2170167
1517250
1699791
1499875
3319709
2330166
1742542
1897000
1965041
1390667
1322875
1968875
1646792
2345834
1958792
2832209
1517375
1759459
1457625
1434416
1881708
2845250
2319833
2346167
2481500
2136583
1479000
1694416
1754084
2963209
1379167
2615375
1984125
1647833
1694541
1728292
1367833
2093625
2412625
1637708
2857583
2136459
1725459
2165541
1587584
1728792
2773625
1840959
1597125
1666917
1868458
1988834
1516917
1524917
1589708
3203292
2985042
1668375
2059084
1391375
1519458
1229875
1499417
1640625
2173750
2275042
2596375
1920792
1800083
1535500
1509833
1586875
2562458
1726041
2186625
1751208
1840834
1306666
1318875
1437625
1354583
1646791
2971750
3358208
2649917
1666708
1694792
1510875
1610625
2758416
2311417
3249125
2002542
1575333
1716667
1732083
2050000
2834375
2743250
2000542
2366292
1671000
1329916
1497291
1442958
1222541
1622709
3130292
2218416
2322959
1517458
1296958
1650083
1560209
2214083
1546417
2493500
2073875
1814334
1879208
1213708
1413375
1385959
1466000
3016292
2457916
2036334
2201709
2077625
1846667
1289792
1470708
3754333
2591667
2668667
2108208
1568667
1696834
2160875
3105875
2617041
2427208
1717833
1304375
1346958
2270458
1997417
2948250
2566291
2492542
1671958
1424667
1781166
1473750
2782042
2468291
2025333
2734625
2001792
1740000
1520167
1881708
3760208
3827459
3061541
2451917
1702209
1466291
3379500
3474000
4085166
2140125
2002542
1577209
3554167
3899625
3518417
1974209
3597500
3569000
2397250
3787458
1823542
1822750
1480750
1665125
2860250
4882375
2702792
2230958
1685292
2061292
1491417
4305916
4191416
2123916
2001541
1449916
1609209
1862542
25534042
5143916
6015708
3557334
1746417
1761375
1540375
1117583
1179959
3370208
2725750
2207167
2135791
1920666
2047333
1988416
2765750
2511125
2050250
1691792
1668209
1199250
1465292
1242750
1439000
1758125
1963292
1782583
3143458
2287083
1981125
1258375
1614458
1528583
1969541
1943458
1762875
1955084
2124542
1627792
1328875
2125875
1335750
1476375
2963084
2224500
2700500
1860917
1620334
1561042
1592708
1438416
3312292
1623125
2745791
2036750
1829625
2065792
1268500
3323250
3169500
2220500
1705667
1306791
1420083
1200917
1501875
1470417
1876792
1560042
1253708
1420500
1574792
1733791
1434667
1237834
1278000
1349625
1035834
1015833
2208167
1430125
1223083
1528458
1473125
1312583
1233208
1201708
1073250
1231083
1176209
