4125500
2176084
1859709
1682958
1881125
1694125
1627375
1455916
2382042
1419917
1316958
1454208
1659500
1456542
1211708
1418041
2619750
1686291
1864875
1221625
1146375
1233166
1219833
1125125
1189917
1144375
1274541
1470375
1956917
1866708
1533292
1529458
1344875
1277000
1499708
1463250
1596583
1917875
1937583
1612750
1411958
1202125
1155083
1308166
1287375
2243167
1613917
2576209
2436083
1524208
1452875
1519708
2657333
2297666
4287958
9091250
3727125
5115583
5282500
3815375
3569541
4405250
3501792
2853042
2166000
2207000
3063917
3897625
2187041
2096208
2253250
1801833
4016417
3437000
2387250
2351667
1470291
2412625
2472000
5251584
2620375
2779625
2097959
2596042
6421333
3669834
4508583
5638125
5043417
3698167
2130375
1856709
2612125
5200458
2939334
2810000
1996875
4205625
3575458
3430292
1753042
1725000
1777208
2640250
2173541
2857958
2408417
1427167
1682417
1831792
2265875
2039833
3004958
2150417
2789875
1932792
2521625
3932125
4614958
4235208
3988084
6217000
5240542
28864917
4235834
7511292
5155167
2504375
3233417
2895750
3340875
3462583
3801958
3814625
7675584
4036166
2846458
2526542
2811209
5319834
3766041
3067750
3250375
3865917
3676083
3477084
2852208
2468959
3884000
3963834
2379125
2276250
2861416
3115167
4315875
3380958
2686333
2559125
7731250
4788709
2652167
3224333
5134250
4684542
2504584
3617917
3069042
4768584
2983792
2996334
1967959
1906459
3712166
3645500
2546833
2734416
2189375
2417042
3070500
4193292
3437750
2273459
2532125
3400584
3198167
3134792
3263291
2128666
2174584
3901333
2921917
3414125
1943292
1872500
6055042
5660541
4180542
3271584
2733583
5454458
4742667
3208875
3256667
3113500
2279417
1797375
2059875
1748417
2581708
3049000
2912125
1898458
2337250
2278750
2166833
1728417
3340333
2542916
2212167
3738958
1862875
3263833
2484667
2213833
2662583
2961959
2432250
2956125
3795959
3796292
2423375
2111667
1643333
1936916
3459958
4797958
4062250
1683958
2309708
2569750
4242917
2986875
2084209
1896792
2366750
3055083
3640125
3500958
2069291
1607625
1656708
2646209
4928833
3164500
2763625
1809542
1855750
1573333
2659916
4073292
3936041
2715875
1814209
3573333
3017958
3453292
1938209
2315209
1737625
2139541
4100750
3343875
2416917
2119709
2036625
1605916
3070917
4736584
2270208
2080750
1739875
2000542
2003500
4193500
3601750
2272167
2279834
2340083
3576125
4649166
2992125
2670542
2312750
3588375
3175042
2328542
2854333
3092792
3420208
2285084
4529167
2249167
2351792
2888542
3934875
3698959
3270917
2126916
1535792
2643584
3102667
3930083
2969708
2017042
2181208
1833666
3037833
3105375
3877250
2783041
2153500
1826459
3115083
3814750
2878666
2326500
1680375
2435291
3045583
3766417
1941125
1859042
1565125
2881292
1920250
4036500
4106666
1811916
1930583
2177958
1744875
3549875
3412708
2976542
2149417
1962250
2479750
1612250
2116541
4086500
2445375
1513458
1820875
2095542
1757416
2904916
3864167
2518375
2149208
1863000
3182750
3493291
3179750
2546209
1957666
1717042
1866375
1955791
4432666
3765541
1970625
2325292
2271125
2450625
3340541
3483875
2116459
1625666
1723292
2326500
2219667
3687625
3666375
2524250
1946750
1817167
2185750
4489500
2915292
3093458
1850459
2296625
2024917
2757375
4259292
1877292
2291917
1477292
2013375
2194000
4205792
4360459
3490667
2578125
3447750
4735375
2159000
2052917
1809416
1765292
3279875
4088542
3029958
2572917
2287250
2294750
3239458
2998958
2558250
2790791
2225583
1396125
2617667
3233792
3379500
2379292
2229916
2427042
1708792
5079792
2996666
2594959
1557542
2912792
2552959
4048167
2783167
1692875
2173375
3170084
2508292
4351875
3499250
1921416
1867000
1799083
2445500
4199000
3960875
2345958
1852458
2026791
2564291
2611417
3860708
2920917
1695417
2040875
1770334
2314417
3805042
2979958
2425500
2737792
2184250
3575708
3658834
3825083
2064125
3015042
2482541
3648417
2808417
2572750
2567375
1746584
1812500
3173375
3774041
3046625
1918667
2178459
1914500
3130250
3234000
3399167
2317209
1730667
1750708
2691208
3978166
3975875
2120250
1653958
2324208
2471708
4570750
3001042
2295167
2367208
2208791
3567042
4043459
3588833
2588583
2182792
3267750
4459667
3658583
2740167
1833167
2031459
2462375
3671958
2517750
2662125
2819125
2074833
4103625
2859750
3257750
2971000
2333000
3787667
4932125
2820833
2734667
3461083
5166042
4068542
3261542
4369917
5283916
2559958
2722083
2385208
1942667
2744125
3563708
2658834
2894291
1870625
2415083
6010500
3217042
2572916
2196208
2305667
2924167
2259334
3798375
2890041
1756500
1690625
1809292
3713583
4072167
2883583
2169334
2096875
2262708
3983250
3363875
3021417
2153875
2097542
2366917
4452000
3195833
2531250
2651208
1950125
2444458
4002333
3272583
2323291
2006500
4502417
3168291
3543125
2566416
1922291
2212291
2997375
6396958
3218583
3353083
3106250
5157250
2610125
4848584
4745875
5719042
3734625
2334958
2423625
2048917
3154708
2329875
3055750
1948416
1904458
2141583
3943708
4245833
2347375
2500667
2094792
2460666
2605833
2998625
2007583
2366458
1592250
1835167
2637792
4641833
3475833
3310083
2090000
1846750
2124334
3509625
3449000
2510833
24501833
7816417
6091417
3760958
2979917
4178666
2346416
2528166
2770875
4453000
3127542
2481500
2260958
2517000
1975041
3766583
2496000
1861250
2057417
2199416
1788250
2007875
3454666
3398834
1820958
2617083
1881792
1894041
1735917
3898834
2706125
3282750
1908625
2585667
1615208
3430084
3265875
2591459
1981625
1959208
1834833
2311208
3566584
4277125
3013583
2135750
2867625
4868334
2596041
3241625
2407084
2195209
2906167
4284125
2495208
2157167
1852500
2132250
3150167
4559041
2922292
2911292
2289583
2152292
2866208
4039791
3613084
1882625
2040250
1952291
4953167
3930375
2973708
1825292
2004083
2553750
3050584
3601542
2311500
2435209
1815417
3696625
3046583
3160208
1971750
2202417
2690542
3838584
4154583
2246084
2020125
1937708
2020708
4034750
2497125
2285125
2900583
2003708
1464667
1722875
2667833
5314708
2956541
3044416
3795833
2916708
3155500
2901792
2086625
1620667
1718792
2378208
3507500
2593167
2493125
1900500
2294042
2234542
2495292
3450125
2485833
2144167
1791209
2160708
1898625
1607666
4184792
3930084
1815125
2289167
1694500
2092792
3807208
3423292
2610459
2010167
1736666
2138375
3059209
4139583
2461791
2128208
1922292
1627875
1799667
4408125
2825917
2120125
2128541
2177333
2436042
4421792
4456791
3048333
1980333
1675167
1874667
3920166
2924708
2266958
1816417
2508667
2134125
2479000
3017625
3106584
2089959
2404709
2273709
2101541
2916250
4381500
1803791
2035709
1938416
1988333
3520916
4069250
3160917
2265125
1918833
2832291
3867666
3547834
1931375
1817500
1927500
2650833
3926000
3513458
2905500
2098584
3075792
2714584
4168416
2699208
2288000
2666416
2290875
2284459
3991666
3305167
2909917
2037708
2148042
3531916
3776833
2974916
2652208
2398375
2355916
3838292
4591709
2399500
2151834
2030375
3935333
3401042
4031000
1996375
2341708
2260875
1614875
5098000
2526583
2257125
2023042
2036833
3024542
3411125
3536333
3030959
2676750
3227292
4421916
2906291
2461500
2682791
2348875
3456458
4946291
2132125
1735875
3025084
4131084
3258542
3478750
1887542
2836375
3167042
4176042
3250791
2107458
1960583
1925792
2064084
3616875
3730042
2228459
1764417
1998083
1644375
1910292
4036041
3933750
2363417
2223125
2100375
3154000
3840333
2396959
2083042
3237708
2327292
2469625
3262292
4125334
2118916
1643875
1809333
2107000
4202292
3907875
4897708
3259625
3633167
2877041
3014292
2502791
1826125
1908375
1963000
3761167
4182833
1999458
3159250
3058084
3302042
3778750
2691791
2172041
2066292
2578292
3046875
3445500
2600166
2470083
2042125
2361000
1799209
3038500
2946125
2577208
2354042
1940416
2100500
3564583
3345917
2554750
1536042
2211000
3084708
3699959
2558792
1647333
1801792
2828292
3045375
4162459
1768500
2645417
2385291
2704500
2463000
1928833
4579542
2450542
2011917
2744250
2049250
2441291
3820917
2846292
2573834
1499833
3049625
2097541
4101291
4340708
2910292
3024666
1653084
3787958
5326750
3176167
2454666
2368958
5077834
3529000
2098250
2196916
1786291
2857250
4494625
2400375
1537541
3628625
2318708
4051417
3910042
2778000
2385375
3222708
3067917
3600375
3290333
1927250
2378334
1953667
2300958
4802667
4332583
2412917
2291208
1652750
5138042
1792417
2760208
2745125
3061917
2386000
3386458
4811042
2746542
2186458
2640042
3484042
3734000
3115334
1765625
1691667
2240000
3888583
3555750
2522667
1937417
2052083
2316709
2874666
2973500
2535958
2846125
2465250
2525250
2864500
3349167
3473667
4471916
2301917
3424583
4418708
3157792
1796084
2101000
1618417
3180291
4163917
3138416
2715916
2596250
3050541
4773083
2549167
2347833
2156959
2219792
3332834
3720000
2594458
3601083
2442084
2339542
3675084
3393542
3289375
1915250
1848583
1817333
6075250
1939250
2479792
1426333
2006542
1796167
2536625
4839208
25040375
10824958
3072250
2424666
2251958
3192625
3723375
2117625
1812375
1603208
2966209
4740291
3578042
2254167
2319792
2241042
2108208
3228375
5173792
2675917
1729791
1785084
2247125
3008000
4019958
3169833
2274875
1685167
2378708
5794792
6347584
2728166
3274292
4793167
3060917
3292292
3671291
6004375
3546000
2896875
2562375
3398541
3857625
2827375
2601583
2311542
3792750
2367667
3905625
3046208
2507375
1564333
2496333
2941791
2934250
3767834
2453708
1858375
1485875
2984833
2561250
3996042
2346583
2613416
1908417
3341417
3829584
3022792
2427166
2149459
1588000
3382791
4223666
2900500
2679208
2357375
1930417
3117417
4348459
2141208
2849000
2942208
3138000
4367041
2727167
2181500
2762209
1819125
4182458
2284291
3620416
2172583
1750834
2053000
2388167
4425583
2551750
2475792
2304417
2163208
3012083
3427208
2894584
2252916
1922875
3066667
1809250
4723709
2854250
2073000
2582583
2422875
2722625
2569541
3401000
2471708
2208625
2986459
1985334
3475084
3214750
1940334
1817167
1876042
2369667
2296417
3845292
2682417
2051291
2229542
2021083
2599333
4066667
3589708
2801583
1900333
1967333
2116625
2560625
3235375
3620167
2701583
2499833
2813375
4020000
3720916
2590333
2307625
2143542
3333292
3618917
3422375
2901250
2518542
1616958
2652541
4473583
2669750
2376250
1456584
2126375
2046208
4347917
2867750
2463958
2148625
2311292
3382208
3541500
2523959
2910750
2247959
2677458
4894166
2759750
1802416
1832916
2415041
1409208
3415625
4053000
3209708
2040834
1781042
2117667
1549292
3920416
3837875
1873542
1743166
2248917
2363250
4472458
3408458
3345917
2565667
2065708
1647958
2016792
4477125
2595875
2540750
1602834
1527834
2476791
4091125
3143084
2175708
2087500
1749917
1639833
2780209
3435625
3161959
2412333
2958458
6805583
3478709
2864875
2158458
3222541
2579959
4013917
2541000
2650459
1799875
2064375
2759417
4088959
3077000
2608500
1873417
2383667
1881417
3651708
2952208
2963875
2507500
1653625
3621959
4548792
2994500
2447458
2088709
4189417
2484250
2541667
2616709
1676625
2287375
3520458
3143584
3036917
2270500
1895500
1922916
1475500
1786708
3750375
4316250
2261750
1661708
2571042
5321750
3395625
2947291
2298750
1753167
1763583
1631666
2250791
5105542
2351084
2737917
2258500
3249916
3033084
2974375
2755125
2718500
2089250
2374042
3952708
3165416
2290042
1804083
2215458
2547250
3884666
4083625
2980625
2570375
2958000
2677916
3315542
2799375
2237959
2038125
2210333
3009417
3103375
3980334
2629333
2400584
2495500
3626875
4525792
2607209
2583250
2667625
4077208
4092334
3039125
2165041
2564667
4334584
3998583
1839125
1832916
1851125
2349375
3124250
3481500
5090958
3777458
3129458
5298458
3015375
9734167
6246083
2726125
2885792
7289792
4388958
4908875
2127375
3749375
6715084
1901375
3825667
6085625
5702625
3866333
3890125
4661541
3337291
2927792
3175458
5287500
4822750
2754208
1994209
3548417
5419000
5098625
2447750
3195583
4786458
3428625
2042333
2287583
4447875
3527666
3310458
2485583
2423750
1737375
2149416
5553500
3407667
2303292
2652917
3195042
4175292
3303708
2298042
1870541
2582917
4790959
3338125
3423500
2405083
2168292
4548583
4558625
2968625
1721375
2557667
2279042
5314416
4247250
1925208
2770125
2894709
3339500
3447666
4052625
4826750
4555541
5288917
2931750
2302459
5983208
5847833
3231708
5244333
9181667
6325958
7813209
5093292
4704709
3920875
2214709
2310791
3209583
9731792
4226459
2973667
4002875
4291375
23531583
11519250
6367833
3194209
4367584
4205834
3217042
3679500
5691708
7036291
2338750
10368792
2133791
2932375
2811667
4479833
4535583
2264833
2799000
2527792
4573667
5988750
2842209
2335250
3492167
3002125
3246250
2811625
3760583
3415875
3694834
4357375
2325084
6783792
5201875
3037750
2003917
4521625
3939333
5674250
10313916
6308375
8658750
5566542
2606416
6616334
5930083
2986583
2036333
2412917
5134083
4552125
3618542
3358000
2471292
4431500
3907959
2425166
2353208
9347709
1768584
2990250
3576334
5595125
7151500
3607875
4822458
3117917
4055459
2728416
1874708
2338666
3650375
4402375
2066000
2112542
1809458
4505750
3646958
2810500
1934000
2146334
1471833
1606959
4195709
2016875
2334500
2548792
2341917
1889958
4007208
2847166
1924292
1842958
2251458
2185167
1941834
3026208
2393500
1828500
2032375
1675458
1742750
2097416
2393958
4820666
2583166
1873708
2033584
1974000
2399833
3118000
3311167
3168334
2102583
2873584
2275083
3207500
4064083
1908709
2319209
2209416
1871042
3333458
2895292
3426416
2800500
1731459
2109709
3611459
4862500
2309750
2203083
2213083
2057416
2902250
3604459
2641417
3094708
1951083
1572375
1852417
3451584
2632125
2422791
2616084
2024000
2545458
4908250
3437000
1940334
2414250
1817208
3092292
2691208
3669291
2378500
1844167
2283542
1390500
3206458
2706291
2805875
2469834
2156917
1664958
2015375
2654667
3699208
3479208
1998416
2595334
2811666
4182209
3695166
2906417
1814875
2131125
1568625
3521459
3277833
2903542
2285958
1639958
1953916
3112208
4560500
2526000
1949250
2463333
2245500
3710875
2695833
3027208
1789042
2008625
2639583
2141084
3150667
3164125
2535625
2754584
2868333
1751583
3026750
2945791
2766292
2324833
2065959
1928833
1918333
3427208
2318875
2098750
2511625
1784208
2102375
2805917
3362042
2544458
2006125
2320166
1861459
2444250
3056750
3617334
2464416
2409625
1942750
2204708
2707667
2786583
3458834
2097750
2476000
2227750
3361417
4520959
2330542
1914833
1661959
1399292
1891958
1804792
4141583
2756500
2186916
2473625
1869250
1990708
3298833
3089458
2041458
2155416
2104667
2739791
3736083
4546125
2449708
2288041
2197792
2933542
2944125
2007792
2870541
1985583
2104625
1658500
1737584
3315334
3664125
3129417
2516792
1757334
1907875
2026833
2810792
3202917
2236125
2910917
1692042
2427166
2561125
3986834
2357500
2790959
1561792
1728958
4542041
2625708
2713250
2134375
3320667
2120416
2942084
2192750
2209250
3326958
1741584
2135833
2346250
5926250
3340000
2611167
2502750
1904125
3330458
2036500
3464958
2612167
1946417
1686334
2254875
2891375
3384000
2527083
2728917
3362458
3486000
3793333
3044959
3564250
1791917
2413167
2405250
3695792
3676625
2985416
2625250
3031750
3481500
2423541
2805792
2302334
2050166
2154084
3420625
3222792
2541459
2126125
1613417
1965833
1783125
3014750
2102167
2544209
2742958
2037375
3211750
2287083
2098292
1944208
2055458
2168875
2190916
2158667
2116916
3068667
3479166
2768084
2075250
1587667
1654750
2076417
3275291
3200542
1848459
2092584
2302958
2343584
2301333
3637334
3064792
2436583
1983958
2372875
2259416
3478667
1941375
2494792
1772125
1751333
1681292
2268042
4420583
3290667
2680208
2977750
2403250
2494750
4051916
2931875
2371958
2148750
1923625
2131541
4574750
3367583
2382667
2529500
1687750
2633208
3495625
3145042
4778916
2029916
2168500
3306083
2758333
4279666
3166958
4950166
4082917
3065500
1976833
1930500
2386584
4214625
3907333
3042042
3093000
2538709
4283917
3755791
2882458
2267500
2404500
3270833
3659875
3396667
2656417
3337459
2778125
4302667
2541958
2613542
1647375
1662458
4408208
2330833
3623375
1782792
1958500
2436584
1781208
2385041
4313042
2903875
2911584
2499458
2273625
3806833
2967250
3029875
2995334
2172916
3006375
3128333
3285917
3081583
2568666
25069208
4842833
8561750
4272542
3020084
2066167
1583334
2024125
3049709
3745667
2972584
3416208
2662167
1856000
3030500
2883708
3751458
2642584
2992583
2198541
3934959
2620625
1874042
2056250
2055709
1566000
2222000
3203959
3156583
3228708
1953708
2203167
3928459
3184750
3712000
2781625
2039625
1530667
1865709
3687917
2732458
2652375
2150041
2392291
2117708
3731500
3343208
2055833
2525083
1731208
3066250
3264417
2432542
2227375
2800791
1807167
2235625
1949125
3201042
2753917
3754000
2175667
2563959
3049667
3932000
3183625
2688750
2537750
1785333
2392459
3669417
2708500
3273750
1932958
1358000
2354625
3094334
3158375
2925958
2322084
2403333
2507459
3478333
3222250
2510959
1639875
2603125
2097542
1807125
3848791
2671542
2701917
2651333
2691083
4743375
3520917
4074041
1940417
1749416
2035042
3788916
3912875
2771000
2626375
2282791
3416833
3234417
5188834
2629042
2492833
3760083
4116750
3072583
4560416
3236292
2801041
2849583
2215000
2653250
2054208
3233833
3385625
2395042
2881833
2150625
1836417
2251125
2086625
3668000
3383292
3704583
1943542
1952541
6580708
3286792
3224042
1488458
2794208
3596125
4298833
2572084
2025583
1600750
2022250
3922209
3846500
3181459
3511042
2814084
2863375
2265709
2890083
2600459
2052417
2615833
2904833
3303958
2799042
2861750
2491792
2098458
3588709
4874417
2650625
2476584
2942167
5234791
2837792
2245834
1783750
1696708
1697250
2107292
3434375
3242667
2186125
1748833
2036625
2939917
4017250
6075959
4185834
2514500
4435875
3433084
2540375
2506000
2581875
3618916
2933250
4572292
2782875
2937917
6493500
3090500
3625375
7241417
4111166
2338583
2643000
2418791
1939625
5443167
4187292
2768333
2157292
2649083
4523666
3268250
2966792
2222209
1985167
4350250
3774708
3559500
2820000
3293334
3709000
4491792
3400792
3310709
4774792
3879500
3634500
4091416
6760083
4449042
4379458
3740917
7462583
3802000
3331125
3960750
4568250
2485125
2243750
2725083
3803000
4316958
2283167
2063750
2993916
4348292
4578625
3250417
2765375
3139500
4245542
3202750
6898250
2571167
3762125
2889750
2811875
2153083
1795416
2001375
4435750
3895250
2172458
1780459
2247875
2145083
3990583
4189083
3004875
2033291
2466708
5023250
4127208
4765167
4508708
3786875
2322958
3300000
2727958
1978500
4149041
2555459
4256000
3023125
2202333
3995542
1777167
2893000
3190625
2409708
3272584
3059000
3138792
3436833
2629541
2093625
1894292
3111125
2893833
2932000
2196041
2068375
1823417
1807625
3406916
3247875
1913875
1942875
1898584
1552791
1453917
2404833
2932125
2608291
2618875
2395125
1538208
2346125
3343750
2783625
4214125
1845833
1639916
2300000
2929292
4171583
3384375
2410333
2341417
1820375
2138250
2731750
3023916
2951250
2663000
1749292
2527708
4154333
2675458
2837459
1965083
2166000
2263750
3452625
3155792
2225875
1654875
2147250
1982708
2491792
4419709
3489292
1733541
1907625
1328709
2932625
3776041
2066833
1815875
2285292
2284875
2283667
2545459
2495083
2769583
1787917
1916000
1805875
1571708
1875292
2709000
3423333
2280625
1726125
2300375
2562500
1461750
4060083
2482291
2310333
2788583
3444209
3390292
3302750
3064125
2828666
2547459
2538208
4522792
3118959
3359041
2258834
1529125
2141917
3578125
2888125
2327958
2192542
2269042
2770583
2209000
3236750
2148792
3757000
1994500
2560750
1621166
3689417
3559125
2321500
1524083
1813167
2210542
2542250
3443125
3083208
2187291
1656375
1936542
2357000
3607500
3396125
2558750
2293500
1562584
1794583
2479250
3989000
3363417
2506625
2836500
2693958
2292084
3409708
2624792
2932042
1787375
1614667
1696125
3753625
3516500
2347292
2526458
2584625
1699750
3398792
3134709
3278959
2088167
1920916
1650750
1674084
3210000
3098375
2997000
2497833
1757959
1682334
1846042
3367000
3355334
2639791
1744084
2459042
1604500
5259667
2857208
2822666
1603333
2815542
25035583
6565209
8675292
3558291
3289542
2572916
1995792
3371458
4168917
2366791
1896958
1513375
2266125
3367125
2920792
3704042
2491708
2033667
1720208
1955291
4468084
2893084
3483958
2163500
2002042
3930958
3289000
3277000
2867917
1637500
1835709
3359042
2662917
3360667
1793958
1783459
1817417
1725834
3930334
3830416
2906542
2442292
2072500
1890209
4017750
2671917
2260250
2375584
2280208
1735417
3772625
3423208
3573167
3238709
1946584
3910208
3120708
2764834
2454625
2346166
2622416
2715417
3418000
2022166
2897292
2048625
2336208
1974500
3920958
5205208
2236166
2935792
1800375
2383208
3477334
2737625
1815125
1844709
2802333
1965583
3852708
2425500
2920459
1920500
2120917
1781084
4126125
3614542
2554583
3009458
2387375
2213625
6905417
4678500
2577542
2420875
6559917
5196500
4347375
8033583
4916792
2384625
3581792
4029125
2727084
2512875
1819583
1888875
3468875
3573750
3043625
1603583
2116458
1703625
1781750
2654458
3229666
3178417
2321666
1990083
2200417
3694250
3345750
3062209
2786333
2013084
1609083
3589333
4026291
2647334
2483167
1602792
1794250
3367333
2997125
2922667
3234333
2234125
1995541
3635167
2362625
2972625
3110625
3986667
2811500
3972708
3633917
2018584
2114208
2714958
3121000
3221291
3122292
2265459
2436625
2478000
3926083
4276125
3367625
1989083
2084125
2521833
3543042
4202000
3380125
1838250
2409625
3776875
2889041
2170791
2890292
2367792
1856500
3853958
2993500
2698459
1939500
1953500
1384542
2047959
4960792
3849667
2893084
1894250
2270250
3936500
2764959
3349208
2523833
2181333
2376000
3363000
3361458
3191792
2105625
2299708
1948792
3972167
2302750
3046042
2856292
2544875
1885959
3668708
2942167
3083875
3163333
2165833
3713208
2623792
3568334
2443750
1645166
2810583
2366916
2885541
2606625
3675750
2443708
2110750
2375167
4665708
2700959
2041709
2094083
2832500
4247667
3582708
4223167
2825792
1761041
2394041
3136250
2739167
2230583
2296375
1790250
1992666
3551541
2630667
3184625
2481167
2085375
2340250
1895208
3560209
2987375
2798875
2909167
1894458
2522042
2436542
2705667
2066583
3032084
1647250
1727916
2317375
4584500
3029917
2274791
3463500
1922959
1567958
3029708
4404791
2605875
2319625
1448334
1525458
2541500
2898208
7409750
1969375
1641750
3562250
2341958
3367542
2559583
2776875
2545042
2255209
3902833
2015042
2228583
2240708
2151667
2445709
4466000
3958292
2368833
2113041
2970459
2854542
2729458
2535917
2334917
2802458
1499708
2906625
2529542
2366584
2261875
2658625
2420875
3096875
4076500
3881417
2649625
2467000
1986709
2262166
3296917
2991541
3005958
2445416
2370542
2120291
2946167
3491792
3616000
2911208
2430292
1919875
4924292
2518458
3356750
2140875
3108708
5213000
2550750
2710875
2243583
2176875
3034125
2986750
3431292
2095000
1714625
2003250
2047625
3249708
3580916
3800375
2240750
1894041
2003041
2225958
3727500
2414500
2865041
1529041
2025417
1976000
3285292
4276875
1760625
2040917
1633916
2069917
2937375
2307333
2869458
3344125
2052750
2968708
2269292
4191792
2307542
2530541
1754583
1960917
1707625
3062667
3360333
2863166
2664583
2250208
2852833
3252584
3963750
3001292
3095875
1738625
2842792
3096375
3036000
3361709
2399750
2102292
1818958
2780667
2730166
3025417
2068417
1955584
1887875
1913958
3038250
3344417
2576167
2105583
1415250
2200209
1769750
4462375
2894167
3593625
2147916
2675584
3485250
3415583
3086750
2730250
2909750
2134333
3297709
2531500
2523000
3023084
2044500
1718750
3659666
3146042
3121750
2674500
3257042
4556041
2636416
2891583
1968417
1771042
2428291
2898958
4010916
3448417
2317042
1866250
2107042
1616459
4445875
2814708
2011125
2372833
1744500
2293959
3197667
5862875
2365667
2376375
1811875
3426084
3273916
3731541
2598417
1857042
1698417
2184167
4179709
4015792
1340375
2128375
2596875
2285250
3300750
2729917
2869041
1991334
2277000
2279459
4108459
3358458
2070416
1876292
2648166
2795875
26356750
5982750
7745459
2393708
2218791
2572125
2402708
3099250
3791250
3624583
2754334
2639375
1881917
4013917
2567833
2771666
1850917
2492292
1999250
3457917
4184458
2569791
2102209
1929791
1999500
2780291
4422875
2150666
2130708
2137958
2279042
3871333
2997708
2574750
2826166
1983250
1767042
1928708
4149083
2867542
2060750
2021667
2382500
2272334
2280292
3362000
2995792
2359541
2342167
2091167
3512792
3509708
2600708
2786542
2318041
2074250
3687959
2976208
2555250
2591916
2904666
2458334
2964792
4782000
2204375
1815541
1827959
1932792
3224917
3934583
3038542
2223958
1991416
2995750
4159291
4485209
2602042
2298667
2454958
2841917
3367375
2351625
2878917
1857667
2918750
3019000
4438750
3899917
3269625
1803916
1737834
4452625
3581416
2374792
2088958
2123500
3535375
3448209
3317875
2503000
2320667
2843542
4207042
3838708
2441291
2398250
1647958
2256167
2683042
4504958
1942083
1865417
1887834
1692625
2541917
3710791
2608375
1726666
1832250
1997500
1940667
1714292
3023000
4548583
1921000
1892833
1953250
1525833
2138125
4509916
2750375
2185709
1916667
2694209
3452833
4661750
2500250
2202833
1868417
2487375
3056834
2809416
3599916
3379625
2216334
1677208
2083666
2960333
2534000
3101875
2820166
1514875
1869000
3090084
3496375
1959125
2105750
2615833
2388875
1847667
2799833
2495083
2325958
1660917
3442792
1934916
1556917
3174166
2880625
1720625
1607667
1679000
1829500
1919625
2242375
3241750
2191833
2087375
1988958
2260083
1455583
2143167
4592333
2336209
2587209
1909917
1719667
1951167
3144083
3089708
2917125
2124625
1882375
2252834
1939375
2603084
3936166
2466708
2844792
2178417
1751167
2899000
5670292
2467625
3055875
2016208
1907458
3535000
4301708
2517291
2129250
2586583
1987167
3982833
2328625
4239792
1748500
2299916
3727792
4285000
3025292
1936834
2679666
2288917
3530959
3984167
2611416
2113083
1986750
1683792
3909250
4045833
3104916
2231292
2565000
3797375
3873542
3108708
2698750
1882417
1770333
1698583
2933125
4481750
2939917
3173958
3063916
3605667
4922209
2508958
2607042
2317375
4491209
3457292
2601083
1808208
2258250
4649333
3878166
2745875
2203875
2061917
1672167
2392000
4954416
3337125
2747583
2287042
1674375
3949125
4227875
2528916
1989541
2237750
2223375
2370084
3611541
3601500
2091792
2705041
1857875
3588333
3495750
2300625
1579583
2902500
3590417
4685916
3243958
2364917
1691666
2155042
1905459
4336458
4003292
2221666
2520042
2739333
2514958
3341125
3071042
1919666
2096209
2123625
1831625
2437667
3030083
3276792
2028083
2066583
1883875
1873000
4942208
2163875
2585917
2476917
2677583
2142958
4192875
3326750
2157292
3141875
1984292
1928375
4393625
2794584
3025125
3072583
2083541
2710917
5481667
1624583
2017000
2287666
2264333
3141417
3823583
2401208
2064125
2041042
1812125
3183125
3593834
3445958
3200250
2761333
2203542
4701917
3257375
2533333
2135458
2922875
4525000
3903959
2801709
1987000
2585917
2664542
4556250
3945875
2325208
1967458
2265708
4844584
3501375
2154875
1893083
1729792
2140500
4018459
2902417
2428417
1901959
1789333
2111208
2463208
3722916
3304667
2329125
7507375
4647709
3337042
2169333
2452750
1581583
4380334
3499333
2958125
2486291
2807625
4409083
4872000
2657625
1901542
1598000
2326583
3661750
2428875
2345375
2578875
1614875
1955125
1767250
2116375
4210916
2752917
3037792
2480166
8835333
2676375
1870916
2022458
1968791
3986583
4626250
2127958
1825875
1947292
1352959
1637625
2531375
3434666
3265917
2250209
2260458
2298208
3720625
3583041
2632792
2496208
24347708
7480708
5150875
2900875
3881417
2944792
2167291
2473459
2190084
3016250
4001500
3238416
2537250
2317250
2469417
3528375
3843583
2013958
1939000
2100250
1703959
2357666
4327750
3029958
2241042
2550000
2048709
1691334
1696708
3438583
4040834
2282125
2052541
1784375
2055625
2466292
3542375
3647042
2395333
3032167
2374667
4386500
3394000
2419833
1958208
2595458
3392291
2876083
2841000
2653583
1953250
1890083
2331542
3552000
2465917
1797250
1818750
1901709
2300167
2835916
3748084
3139792
2916417
1700208
1662542
3073875
4256834
2765792
2437708
2554916
2202417
2327792
2194667
2804292
3445042
1804000
1776541
2104583
2959084
4134625
3131125
1936792
2292959
1713833
1479541
2242958
4432125
3427125
3011625
3095416
3328916
3359791
1831250
1720750
2139083
1936458
1786334
4474916
2958500
2411250
2750208
2278750
1903958
3384208
4481041
2552209
1644833
2128625
1507958
2624625
5112875
2365000
2397875
2204666
2266125
3175167
3744167
2036959
1615250
2451833
2148125
5135667
3472791
3212625
2599083
1744625
1874792
2774041
4164250
2830417
1826458
3011292
1567542
3548459
4422250
1852750
2552459
1350042
1836958
1682500
3395542
3028291
2393542
2180291
1567125
1503750
1779167
2119875
3826375
3182333
1920125
1778334
1824125
1913041
2964125
4286083
2782209
1790375
1832417
1853500
2299500
3834750
2595583
2136125
1987750
1806916
1608666
1570459
3432125
3051041
3186458
2289042
2450417
2476542
3762042
4515875
2096167
3068250
1475208
2590209
2490959
4249166
2696833
2193667
1846250
2745375
4430916
2456042
2438166
1853625
2571292
2066834
3013958
4431542
2203292
2528541
1887750
2086000
3510000
3920458
2124792
2669792
1925458
3086042
5934000
2554958
2631875
2587250
1974667
2151125
5377000
2981834
2424875
2408167
1895500
4280333
2908625
2439000
1905625
1880417
2654042
2898750
2604916
3366958
2533708
2609125
1852542
5473541
2997167
2501375
1735542
1745000
2067209
2087166
4078583
3816000
2059166
2246166
2157291
2880000
4388000
2455000
2525542
1912500
1987250
3601375
2651625
3689708
3424208
3018459
1859042
2867125
3663500
3755458
2780292
1715625
3902333
3338209
2110084
1935125
2320583
2256750
1862583
3043833
3731208
2373791
1877875
2008875
2992250
2330208
4955583
3612334
2129958
2967000
2603708
3887500
2903500
2575417
2204459
2064333
2633916
4217958
2019167
2363583
1716958
1962209
1883500
1772792
3314417
2828125
2489458
2096000
3002500
4921458
2792292
2543833
2662375
2248333
2175541
1762417
4335791
3221334
2691459
1755500
1735375
2320208
5145667
3382583
2189292
2536292
2546125
3662792
4057791
2075584
2201792
2077334
2050250
4091209
3285875
2909083
2034334
2311750
2305334
2246625
4670125
2898333
2732041
1910458
2384000
4494833
3320208
2887209
1621959
1661500
2333583
5341041
3297667
2708125
2090875
2153583
1920458
5510875
2705375
2638500
2444000
1894916
3894458
4765500
2307417
2341334
3007375
3197458
4352500
3290375
2803250
3394208
3579166
4113583
3344708
2664959
2352958
2984041
3784084
3524959
3135542
2689208
1661708
4346666
2965083
2068125
1655042
3401750
2956666
4249208
3228250
3082500
2115625
2560625
2855458
3793292
2935958
2540708
1944708
2353875
3628333
3187000
3500875
2729791
2502042
2279417
4367875
2432750
2101583
2047833
2487917
2086625
3290625
3300083
3351958
3011917
2035208
3460417
3601792
3055416
2316125
1798584
1946042
1942334
4846000
3148250
2026291
2389750
1943625
2282375
2693292
4961458
3012334
2376167
2258292
3086917
4660125
2597542
1932334
1894791
2188750
2725958
3162709
3006833
2616125
1987167
2041541
1960334
2748416
3600792
2141833
2505583
2224833
1724875
3899959
3285791
2839000
1999292
1947250
2283958
2720292
6648542
3398375
5536666
2871000
3142875
2755541
2029792
2960250
2158042
2991208
4189250
2857958
3752375
2063625
1916541
3123625
22522792
3480334
5074958
7117667
2324667
1855125
1871459
2011166
4561000
1963291
2321542
2110416
2073125
1981834
1969667
3329875
2970334
2435375
1769667
2126917
2509458
2525417
4473917
3031792
1972584
1780083
2321625
2614417
4387917
2714375
3201875
2356125
1914750
3867291
3834708
3275792
2058041
2689208
1501792
2975416
2544708
2864500
2034125
2220417
2053625
1881750
2699166
3077083
2516208
2455375
1786125
6858916
3472625
3029083
1875250
2393625
2236625
3424458
7113416
2418792
2427083
1769125
2911500
3405583
2532417
2368625
1405459
2281417
2255583
2991375
4395416
2542166
2112166
1886250
2297459
3230375
3842958
2660750
2071833
2026875
2352959
3388875
4048583
2865584
1629417
2108208
2081000
1968333
5074625
2893667
1942791
2387667
1774375
3408625
3181000
2541042
2223375
1603375
2014542
1667125
1711000
4656000
2032542
2155417
2352792
2294167
1850625
2912667
3107083
2456375
2330583
1748083
2669708
3957500
3208083
2408250
2619875
2748917
2950792
2710333
3348041
2379333
2116125
2473333
2437958
2299416
4086666
2835500
2792334
3043375
2147750
3626834
4428750
3015875
3006083
3533042
4462792
4820750
3580792
4149417
4575584
3045917
2261458
2470458
1625208
4112000
2864542
2677916
3382583
2962208
2220708
3730750
2703500
2840250
2129750
1800667
2120416
3098416
3079625
3077833
1830375
2630000
2348750
3149042
2520000
2785375
3448667
1838417
2183416
2045000
4779375
3593584
2935208
2800292
4555666
5188042
1826750
1974209
1654750
1842375
2837041
2691125
3204292
2434250
2737625
2106208
2284209
4366458
3324000
2678458
2037208
1915500
3737875
6076000
3040500
3071792
5798333
4234667
3050875
4482667
4121041
4448250
3595250
1858583
1716291
1444250
1416792
3162667
2763125
2563792
1960833
2049209
1895375
2493250
4497625
4071333
2201250
1846291
1997291
2685542
4010958
2349000
2099709
2773416
3466959
2360791
3098250
3253000
1929792
2617333
2229709
3243750
2780959
2914916
2260792
2532333
2034958
3720417
4371041
2639792
2339375
1701625
3457250
3603875
2918708
2633917
1998708
1757167
1829375
2501500
3631792
3592208
1934958
1924375
2068875
1616750
5221291
3947459
3196250
2043958
2163625
2394625
3856375
3274500
2181667
1888208
1790750
1789125
4089250
3496291
2588708
2374875
2104375
2109417
2241708
3917542
3091250
2869334
1973041
2835083
2213333
4439750
3322208
2306416
2564167
1917292
2879667
4492708
3147000
2546792
1820833
3139291
4104000
2530000
2321708
2945792
2516875
2800167
2807292
3255000
2495125
1748084
2121083
7681958
3198083
1808125
2057167
2294542
2624250
2308583
4208666
3451750
3758084
3257375
5971458
2366250
2119334
1782750
1705417
1688833
3656000
3029375
2871292
1680208
1860792
2423417
3729416
3522208
3378417
3454000
2881042
3594958
3318292
2565584
1710416
2560167
2524666
3362959
3370084
3022083
2265583
1529041
2879417
3453167
4123166
2691000
2339250
2696125
2356542
2903125
3487250
3893583
2034041
4454583
4588667
3367042
2035708
2694500
2278000
2910000
3107292
3033041
1808959
1745500
1837709
1805583
4802375
3305916
2921625
2378292
2407250
1908250
4773583
2533417
2498750
2399083
2330584
1898333
2801083
3332834
1917917
2611916
2217917
2551834
3030667
4515833
2745000
2252125
1746917
1952000
3699583
6268083
4364084
2963416
4913917
4480000
1900416
3323834
1936375
3842792
4340708
3924875
3980125
4983208
3238250
3229167
2101750
2193083
1900500
4377750
3103459
2823292
2337250
1792125
3031250
3681208
2978208
3188291
1988084
2898292
4029125
13347459
25763834
3899542
2928792
5630584
2349417
2665291
2828375
1896250
3246250
4201083
2670667
3251833
2172833
1797958
6817042
3952875
3712625
3050000
2757292
3763542
3114458
2732125
5117125
5129750
2648208
2286666
1452541
1590459
1809542
8367542
3282083
5348500
4011417
2807250
2187458
1911625
2137583
2053542
2053417
3823417
3647709
1972875
1578292
1893792
1890583
2287250
3909708
2790125
1829334
1763167
1770834
1400625
2761417
4539917
2875250
2201125
3412792
2594917
3271500
3626000
2362792
2342250
1562750
1719292
2503500
2831959
3184125
2665375
2526417
3662292
5135375
3371917
2573791
1819750
1681291
1949375
1715125
4717208
2506750
1891291
2220542
2034916
2137292
3390667
2506917
2373666
2101875
2257458
2104833
2265916
3427250
3678291
1874292
1888000
1661917
1679458
2577417
4130875
2344667
2111792
2632417
1735333
1699583
3758375
3351209
2608458
3055708
1811625
2034875
3758291
5740542
3993334
2011834
3694958
3660500
2708625
1979709
2207458
2426875
1819208
2961375
3161125
3259584
2186459
2119625
1994333
2746209
2683958
3202666
3830750
2165791
2250333
4569667
2875959
1650916
3053959
1708875
2079041
3055208
3548875
2954875
2022417
2322792
1922584
3776042
5610542
2600666
2476375
2437083
3647250
4756875
2108209
2168042
1837834
1718666
3144500
3003959
3110000
2081334
2194000
2654292
2235500
4156375
3718500
2795125
1886667
1753083
2444542
4154125
4190500
1654792
3041667
1652250
3074167
4392042
2721708
2021916
2827375
1851583
2283292
4021375
3357083
2511750
1933417
1966333
3687708
2787958
3104459
2093583
2096375
2893500
3188375
5321459
3197500
1914000
2108542
2272125
3119125
3407416
2737625
1994250
2005750
2355667
3728208
4367500
2595583
2850084
2226000
2420333
2982750
2914250
3197917
2686084
1581875
1826584
2723041
3514417
2297083
2078334
2000750
2329125
2484916
2229083
3848958
2137292
2254334
1992250
2655584
1871958
3326834
3199125
3128000
3886292
3284917
5011958
2228125
1877875
2020375
2100083
2774459
4501708
3114583
1515625
2261708
2029792
2110667
3329542
3417542
2182542
2299542
2227875
1559542
6657625
2919542
1933250
2027667
2480500
3781958
3192500
3272208
2002458
2028625
1857875
1728917
3485000
3307625
2816584
2482542
2176250
2808250
4788750
4034375
2321417
2605500
2154000
3381167
3987625
2097833
1656917
1662333
2044209
2389208
4989041
3496125
2624583
2325833
2196917
3542125
4094416
2716917
1897333
2558958
3099000
4879542
2457625
3060292
1733458
1870375
2487917
3738625
2226000
1856625
1975041
1854125
1671291
2129250
2449250
3914916
1585875
2214917
1983583
1579792
1811000
5998791
3326250
2762083
3023875
2083208
2616000
2538166
3198917
2785750
2290667
1936792
2604666
4693584
2979750
3516250
2230709
1965833
5015458
3232834
2965584
1912250
2390916
3137125
3602833
2980125
2183625
1876250
2104375
2601500
3124125
3443375
2227417
2116458
2358625
1681625
2093166
4239792
3369667
2920250
2282375
2779875
4779916
3505083
2797125
2065209
1501208
2928292
3510209
2736875
2080583
3267666
2191875
3093750
3484375
2859625
2095084
2179625
2462000
2176167
2990875
4032542
2685417
2171125
2010791
2824458
3490291
3586042
1840167
2032583
2990875
2054500
3770000
3211166
3133917
1682542
1342666
2060875
2109875
3276000
4867625
2673500
4150500
5018125
3822625
2983083
1983583
2571500
3595000
3793042
2571292
2471167
2893083
1994250
3267833
4503250
2108750
1784250
1993500
2368000
4174500
4356125
2607791
2429625
1800250
2613208
3658083
3393167
2267459
2068416
3226000
2205250
3546917
2850834
2696500
2410542
2278958
2400125
5187125
3124000
3705042
2479791
3062625
4701542
3028792
2579125
2682292
1838125
4399583
4625834
2322583
2284833
2857375
3667875
3467166
3824458
2504792
2973500
3628292
4155417
4082666
1725916
5072500
5589541
3243000
1999458
2583416
3999416
3681000
3849417
2012459
28459250
7590667
3866750
4525959
2066584
2995792
1974791
2030000
3583250
3508333
3192958
2067334
1607292
2033292
2891667
2921791
2535291
2052625
1927292
2798875
3415834
2202250
2919917
2049209
2911958
1602208
1907583
2921792
3572458
1998417
3684458
1903917
1727000
1789750
2652166
3841833
2229084
2077250
2111208
3130416
2673500
3711083
2539000
1968958
2907416
1931500
2996875
3593667
2703792
2634125
1906791
2095125
1947333
3332042
3176458
3207916
2464583
2761625
2537958
4320458
4421166
2821791
2191666
1952792
4098416
3300166
2178666
2975042
2797708
2639333
4231250
2489291
3890166
1308583
1486500
2475000
3812417
3583458
3329834
2561167
2512125
3007750
3620334
2382625
3144125
2410833
3513500
4146708
1889625
2213125
2870709
2516500
4135334
3456791
3838916
2414333
2585375
6522125
2394459
3043875
2940291
1839833
2513333
3876250
2810667
2430875
1807209
2129250
2430500
4683459
3215125
2540208
1823083
2038458
3023000
4001458
2809750
2380625
2672166
2672333
3314750
3716833
2494917
2473625
1600542
2800834
2256459
4395375
3825125
2622500
2185292
1653833
3235625
3494584
3444333
2087708
2286084
2094375
3710792
3514292
2597875
1877583
1941875
2068250
1844791
3439375
3174833
2859958
2316167
1673292
2282875
3269333
3192792
2378125
1734541
1980333
2030417
3411292
2287292
3415250
3368708
1734000
2561084
1994584
2963750
3057459
2444000
1881417
2095959
2453250
2018667
2871417
2479125
2824583
2488625
1507500
1998208
2025708
2762333
3895791
2993458
2552625
3084625
2215083
4208292
2283167
2446750
2306333
2719125
3353750
3805584
3531542
2168750
1816291
1779083
3690625
3573875
2844167
2168792
3720708
2019625
4348458
3045917
2916667
2583167
2212959
1991084
2221334
4186375
2873250
1618333
2327500
1771708
3244042
2938959
3685000
3715167
2907750
3230625
3854125
2288125
1947917
3204875
2310500
3858250
3107833
3031042
2386292
1596542
1725250
3612541
3756208
2936166
2349917
2254209
2152833
3797542
3572750
3038584
2291458
2496416
2613209
3100833
4166958
2811916
1758875
1919625
3055500
2930791
4742625
2678000
2728291
2210458
2757250
3269916
2873958
2012500
2723250
1972792
2510917
3401834
3926458
2301125
2067459
2521542
4636709
3872000
1818417
2795875
1875000
2197083
4676334
2323542
1801167
1701833
2011250
2224500
1582250
2944792
4618542
2818417
3309666
1492083
1350291
4786292
3562916
2604958
1720292
1892375
2997708
4096042
3528333
1560250
2338125
2158292
2722125
3307917
3414417
2853167
2992958
2272458
2020083
4026291
2583792
2717083
2691875
1948292
1947417
3748166
3712708
2786542
2008167
2246125
2356125
3618416
3279000
2332917
2088542
1952500
1948042
2969583
3159334
3853000
3127834
3588625
3655083
3874125
3384792
9829833
3879042
2527000
1781625
2966292
2024209
4049041
4488292
2074292
2814458
2241458
3825709
3661958
2365667
2178500
2676625
2140584
3060375
3518167
2698917
1946750
2003875
1729959
3265500
3254666
4972416
3060458
1508000
2014584
3822042
3713125
3655625
1663708
1754667
1968958
3767459
4190333
2183625
3111250
2118709
4900416
3987458
1878042
2434125
1946333
2653875
3658208
3278417
2035292
2613416
1904417
1540292
1421375
3474458
2813375
4352750
2278167
2061833
2115667
2898167
3790416
2694833
2027417
2270500
1465833
4033292
4404125
1787917
1755667
1996625
1915458
2963916
3749375
3608042
1908500
1935625
2506625
4289792
3099459
2446334
2553750
2539792
2631042
2107959
3353834
3253583
2125458
1819250
1989750
1815417
3025375
3176959
2397417
1829875
1858417
2062000
1964541
2895500
3626750
2438291
1985750
1889125
1543125
24697125
4963083
4460750
7567000
2904459
2825125
1644584
2579959
2986000
3210542
3920541
2208625
2001084
1845792
4567083
3197584
2907542
2853500
1373000
1698666
7614292
2746833
3352833
2193750
3938667
2706209
2793959
2359958
2302208
1656125
2640583
2443250
4653166
2077667
2720833
1435792
2121500
2533750
4548291
2360125
2234416
1657042
2551125
2448916
3198958
3053750
2703375
2223334
2272708
1600333
1598500
4895542
2578875
1960333
2180208
2261917
2954875
2513834
3200792
2526917
2219000
2185834
2294750
2832042
3320417
3106625
2559833
2446042
2550500
3166167
3404416
2491625
2207833
1592666
1856459
2200625
3585792
4062208
2845417
3195792
1709917
3707875
2452875
3081875
2210584
1628959
2607125
2626833
3815167
3556958
2367750
2377209
2234042
4505708
3390875
2383125
2984500
1881083
2591417
7488625
4433417
1912500
2573542
5410417
3329667
3720875
1793167
2694875
6430541
2487375
1766208
1384583
2136209
2151250
5905542
2830958
2553750
2874000
2272125
4069500
2652667
2419875
2247750
2463333
1946625
5068875
3560875
1999208
2291041
2017250
1904625
2793750
2735042
2324500
2834416
2055209
1872333
1812291
3356292
2221000
1845708
2103291
1695250
1977792
2068875
2248416
3711417
2580000
3110083
2370000
1500791
2462750
3024000
4251208
3012958
3230084
2055542
3493834
3638166
3034584
2303834
2111500
2945875
2168875
3595417
3281208
2110584
1924250
2194666
3009042
2660125
2189375
2955500
2731709
2067500
2222458
3208834
2649083
2843875
2089958
1762208
2448459
2513916
4000000
2509250
2255250
1790750
2384791
1405208
3006750
4607125
2927291
2257750
1675417
1932083
2370542
3395416
3377625
3043792
2096541
2153583
2871625
3077375
3777417
2961875
2332292
2241208
4392292
4230250
2517833
2487833
2246583
2838792
5081166
3320916
2277417
2331625
3317958
3698541
1895916
2050625
2072458
1931209
1762458
1771000
3375875
3325750
3015584
2360875
2397708
1334083
5390250
3617583
2584875
1669459
2212833
1989750
4070417
3341000
2574500
1490167
2293542
2376791
2911333
3229375
2341375
1989708
1997625
2873375
2147958
3657042
3178500
3208667
2445875
3263750
3544792
4312083
2316500
2274625
3294083
2821250
2174500
2563500
2870750
1749334
3011708
2674667
2927125
2808542
2948166
2072250
2069917
2483375
3010333
3236417
3320583
1868875
1705541
2780083
2898583
3158292
2314416
2787750
1784750
1603750
1776833
1856000
2949041
3379166
2032833
2951291
1649250
2708875
2570958
3715791
3693167
2054291
1497916
2099792
3443500
3382041
2963875
2669583
2056958
1627125
1962334
3369958
2781583
3716292
2386792
1794709
2960417
2801916
2393333
1897209
2355167
1841458
2065167
1743417
3273584
3796166
2625791
2595417
2057041
1951250
3109542
2426416
2941583
2698750
2841792
1851917
2138625
4056375
3730416
3042833
3122833
3247708
2356458
2893333
2741583
2282375
2004542
2617708
2780458
2537417
3716417
1890625
2208833
2386875
3612208
3928583
3646375
2043459
1647542
2052250
3685333
3744708
2904833
2935167
1998416
2073000
4680917
3076250
3697584
2455042
1880542
2693584
2988917
2959583
2166209
1873125
3027042
3270708
2737541
3780500
2774959
3206958
3152000
3679125
3276625
1833667
2261542
2388375
2326875
3231167
2318750
2754500
2191917
2405000
2546083
3297041
4317417
2304708
2179875
2335291
2748208
3643417
2310708
2155791
1726084
1923000
2220917
3039917
4636250
3873708
2224125
2898584
1995584
3747875
3020666
4099250
1367292
1550542
2339459
4202500
3586167
2456500
1482000
1257250
1726292
2759875
3835083
2595500
2335750
2172917
3118833
2823000
3181875
3758292
2441542
1813708
2885750
3753125
2777500
2691958
2731167
2512416
1986042
2128542
4310291
2649375
2857959
2178125
1736208
2173583
3015916
2347958
3382834
2165292
1844417
1858583
2528250
2715792
3319125
3211708
2422917
2235625
1974167
3720292
2676042
2529250
1937709
2943458
2575292
3994625
5779208
1856042
2190583
2228292
2858417
4290333
3556833
1809375
2067333
2232250
3089166
29012833
7302375
3134833
1839667
3335667
2087250
2009375
3970458
2481875
2878750
1213125
1467833
2138583
4493250
3072708
2316375
1952791
1896209
2172375
1721917
4600625
4025000
2257333
2889125
2126916
3667417
3961791
3329417
2272958
2842333
2530500
5008375
3360667
1668291
1842958
1904209
1605542
4694708
3272375
2324958
2157292
1929542
2254333
3897625
3614708
3640584
1487000
1731750
1530500
2824625
4190209
3118500
2019708
1988000
1585083
2807000
3306834
2336625
2496834
2092042
1800542
1722333
2280833
3811792
3903625
2504583
3051500
2484250
3745916
3515208
3029667
3079625
1685459
3508542
6601792
3533958
2682958
4690375
3184708
2334542
2154250
2292417
2273041
3898458
3871375
3302375
1861083
1446084
6534000
2887625
6276750
1807875
2218125
2990833
3092666
2478125
2083333
1800750
1811000
2238292
4293666
2980916
3475583
1710250
1881833
3255666
4015834
3894625
2202917
2086125
1821292
2947167
3701250
3317125
2389458
1862792
2338667
3659750
2699667
2505291
2125250
2085500
1637584
1720916
2105375
4628042
3505166
2505500
2975000
5738000
5221167
3351250
3386958
4788416
3557042
2806625
3112916
3872458
5282333
7303625
2505166
3509208
4678167
2149333
2056250
1894042
2521542
4911125
4241042
2870833
2748250
2582667
4446000
3204750
1536458
2100750
1819292
2402458
3230958
3280083
3705583
1757250
1787291
1660375
2318500
2925459
3498459
2808375
1901667
2705875
2249083
3725625
3045958
2574084
2554125
2183875
2005875
2586208
3858125
3322084
1931834
3375959
1901417
2257334
2121375
2932209
2744167
2448250
1654250
1932791
2256375
4669375
2405292
2116500
1990667
1759125
1797666
2557292
4026041
2509792
1919625
2869792
3498166
4203209
3025334
2046291
1782583
2469875
4538000
3883583
2582375
1721250
1711625
1982291
2101834
3356583
3415625
2965083
2030083
1889667
2253000
4580084
3924833
3229209
2956542
2452166
2936958
3422125
1824458
2094167
1880166
2120208
2393208
4373416
3325833
3386916
3027417
2069541
3880875
2865167
3135500
3216167
2028333
2102541
4051500
3911542
2472625
2104667
1898750
1850042
2918500
3788917
2125500
2650541
2392667
2244167
2149625
4889291
3423416
1918250
1850958
3303208
5668500
1773375
1933500
1972375
1925209
1871458
4957792
2785042
2018208
2068875
1758500
1609375
1859917
5007250
2716666
2153917
1958000
1605291
1763750
2476083
3903125
3553500
1723125
2366834
2191750
2145042
3248875
2319583
2669375
2118250
1581458
1436208
1719084
3583542
3700625
2729833
2067083
2097250
1820541
3190459
4158833
2588375
2278625
1981625
2320334
3870500
4119875
4001750
2013333
2488584
3294208
3247000
3968958
2314625
1750792
1650250
3390791
4172334
2503917
2028917
1624042
2742833
2467500
3854000
3705834
1866917
2030500
1892000
1734125
3130167
2662708
2149334
2677750
2053625
2092625
2173584
2335208
2492458
3321375
2761833
2297167
2264750
3056750
3670125
2440208
2107500
1836500
2138208
2793000
3568041
3714083
2558709
2272500
1867791
3723292
3430875
2689375
1688042
1676042
1954917
1722208
2295167
3764625
3720000
1749833
2114125
2115167
1453375
1441709
4026500
3234333
1976209
2935792
1826000
3376375
4491041
3023375
2422333
1623583
2515750
2781292
4321500
4315584
2222917
2476166
3379625
3446792
3195125
2373542
1997041
1824292
1653416
4013208
3207208
1989000
2376875
2136958
1718500
4611916
2251250
2066625
2234625
1612250
1607375
1656125
2643750
2570875
2268500
2886417
1870542
2621834
1455792
2272833
4716166
2864083
1655959
2045125
1850750
2027792
2462291
3037542
3791625
1576750
2255083
1851292
2296459
3390750
3601750
3581250
2422542
1801333
2875125
3244958
3727125
3657834
1696333
2778333
3178000
3177209
2999042
2761708
2916166
1750208
3771917
3053917
2908500
2363625
1930584
2358542
2448167
2752542
2771250
2450750
1918875
1915000
1627833
3340250
2663541
2954792
2636500
1775333
2913459
2863500
3520750
2332875
2357375
2090000
1733458
2105000
2764875
3084291
2739666
2075250
3009000
2295417
25679416
6263042
6076667
3207250
2963375
2083791
1909958
4341959
4053333
3948875
2300125
2263375
2086667
3289417
2983083
3422250
2945833
2498417
2599666
3332208
3811333
2409541
2635375
2671583
2428375
2942792
3326833
2996000
1935916
4612875
2575750
3470292
3216917
3023542
2360583
3193459
2755459
3382167
2253833
1773958
1820625
1638458
5113750
2481750
3256291
2611416
1859667
1933417
4142000
2402833
2848375
2939041
2073625
2985167
3754667
2626583
2843083
1721917
1793209
1793834
3633959
3504291
2762250
2943541
2207041
1751958
3413042
3000792
3150166
1866875
2205625
2261167
2525334
4103958
3004125
3199209
2514250
3297166
2880500
2828416
2231083
2799250
2308209
1988834
3036334
2050917
2249583
1944041
2038834
2382542
2103917
3812416
3535750
2254791
1880542
1638875
1799041
2003417
3164667
2994917
3060916
2140542
1897041
1750375
2862250
2734708
3553125
2595000
2257000
1876709
2138958
3897542
4129000
4318667
1870458
1951375
3369042
2872417
2638083
3115250
2201250
2547292
3787459
3166542
3996083
1765875
2574917
2216000
3189125
2778500
2888042
2244125
1856250
2925666
3720292
3656833
3162459
2551917
2907292
4034708
2465916
8795541
1212833
4082625
3803375
2247875
2937750
2635041
3309542
3006917
4327209
4721000
2614750
3775916
3262125
3012708
1945333
2623417
2124916
4517959
2520000
2774667
2970292
2755791
4328584
3168959
3050250
3193167
1703084
3075250
3261458
3502042
2449083
2266042
2326291
3008375
2674584
4074208
1975708
2450959
2615750
3466792
2016166
3644333
2315750
2052625
1992083
2070708
3538625
2373500
2702083
2733667
2126333
3197458
3523792
3079875
2782542
1650792
1946209
3011000
4352042
2066667
2395666
2560416
1741125
1747083
1962958
6296583
2373875
2580250
1685958
1720166
1873375
3004500
3190125
3532542
2434167
1720625
1166000
2768958
2262375
3587750
3833334
2104208
2005792
4341875
4688542
2730416
1601042
1946375
1880292
2732625
2696875
2692083
2902250
2382292
2536500
2725958
3412459
2548833
2145084
2249666
2038417
1443542
3279167
2563708
4100375
2171625
2310500
2357208
1670000
2953125
3460625
3714500
1916541
2157166
2355791
3199167
2682708
4134500
2559708
1769500
2093209
3928208
3612583
2477167
2039500
2031583
2777542
2527333
4090166
2733542
2244375
2351333
2356166
2670042
3207209
3050750
2002291
2004375
2288041
3276125
3496417
2622375
2446083
2437750
1438250
1911334
3103875
3306625
3082959
2202834
1844417
1982458
4009167
3508708
3231500
2008209
2009917
1922958
2665959
3597167
2724958
2498250
2163875
1882792
3643167
2881166
3428250
2532167
1630084
1933625
8472667
2821709
2402417
1908708
2234250
3817208
4192000
2709333
2554917
2167333
2782500
4724916
3037000
2315833
2280792
2444084
2735042
4074625
2567041
2797125
2296958
2186167
3766583
3003792
2882875
1524541
1719875
1920584
2228625
4536833
3015333
2624667
1856333
1768416
4126250
3832833
2662083
2619125
1928250
2148459
4619959
3824917
2699500
5062666
2926000
3505042
3258833
3438375
1837708
2849542
3480583
3961291
3660625
1393708
2358917
2910333
2837500
2325667
2471667
2789667
2171916
2163292
1893458
2755292
2904291
3917416
1609625
2039584
2769667
4945292
2712750
1953667
2118083
1652750
1707500
3169334
1895542
3025875
2966208
2246041
1840791
2273083
3112292
3739750
3708333
3034334
2270625
1718500
3403292
2482042
3585875
1821125
1743792
1689625
3799083
2979666
2938958
2584083
2184083
1991250
3005792
3044791
3371333
2138333
1767750
1790959
2346584
3724042
3242625
2986958
1952250
2714208
1964167
2985792
3395667
3180209
2196834
2825709
3934541
2980917
3315125
2123958
2100875
2004625
1752250
2530625
4395708
3297708
3069750
1576250
2424167
3775750
2325875
2751292
1683292
1787500
2565084
2441084
3705416
3407041
2046417
2624750
2148750
17025542
11494542
7258667
5690459
3085708
3073250
2864500
3327750
4657292
3273417
2696000
1743833
1789250
2681792
4140250
2340042
2284625
1982875
2836625
3244958
4330458
3028375
2097333
1972417
3329875
3562167
2456125
2258666
2043667
2757208
3590375
3698541
3450667
2529000
2317458
3563625
4177208
2441750
2199542
1778292
2557333
1860625
3885500
3662291
2763000
2954750
1717333
1698125
3610291
4430583
2517792
2807417
2882959
3786083
3827583
2394584
2605875
2420000
2220500
3425125
3281625
2216791
1999375
2458167
2036916
2365291
4271125
3696791
1691000
1792334
2684000
3802625
3488834
3374375
2243416
2258292
2036000
2788625
3654375
2351625
2773625
2498459
2443500
3704375
2936167
3589083
2853250
2424625
2215291
4742125
3927458
4154333
1928584
3834709
3383334
4011000
2810292
2699041
3758917
4502292
2795459
1675291
2435041
2970000
3994375
3076416
2344250
1979334
2327916
3163625
2916542
3575166
2059666
2767083
1859292
2020417
4855584
3663292
2204042
2805084
2216750
2917584
2848375
3609917
2118208
2267958
1862375
1548292
3401208
3933834
2254292
2260666
1357292
1688125
1606500
2537417
4112583
3777708
2337625
1643375
2085500
3264500
3779083
2754417
2327333
2451708
1831666
4436417
2740458
2568292
2030042
1823917
2170750
3054917
4379542
3081333
1801584
2130250
1881542
1807250
3852833
3347292
2108791
2775709
2682209
2649250
3968667
3463458
2384875
2412459
2466000
2525250
3267208
2853250
1969083
1794209
1905417
2837625
3172750
3777291
2188959
1745292
2122250
1997042
4135958
3240583
3662916
1994292
2460167
2035292
2821834
5010750
2084875
2757417
2344208
2135959
3249208
3083667
2196167
1745250
1604208
1733375
1712667
2827042
2234333
2234833
2045750
1605666
2204708
2120959
1657833
2274000
3509750
1356834
1783000
1886291
1665542
2344250
2659125
2987291
3066084
2161041
1758375
1807042
1832166
2280459
2828042
3032958
3278209
2688875
2958583
2567375
4007834
3225417
2008792
2047541
1836333
2186042
3233042
3369208
3697167
2563167
1562958
1474792
2899958
3413417
2770292
2729458
1481208
2319375
1907167
3050833
3271209
2309208
1860000
2076750
1737833
2612750
4407958
3248333
3158667
2240417
2452584
3168750
4044625
2439125
2040875
1622042
2534667
3638167
4036959
3161875
2467917
2640833
2592834
2888459
4711917
2102000
2546166
1970583
2541583
3890250
3632416
1969417
2194042
2752667
3561292
3670750
2658000
2151583
2296500
2681416
3937542
4980417
2026375
2245875
2621166
2893000
5193500
2804750
2172417
1723042
2939000
5033500
3231875
2179000
2295667
2502459
3965584
3932584
3145084
2627584
2420167
1753958
4037125
2990916
2777042
2039500
2802709
1846792
4455666
3066209
4459708
3102667
2608750
3958458
3126500
2456417
1571500
1798250
1843708
3207583
3535209
2693666
2306083
2048542
2056583
2013833
3578000
2465167
3138500
2271667
1810125
2067333
1899916
4765458
2099916
2093208
1970792
1842541
2031750
4257125
3691291
1994833
2127666
1685792
1811792
3072250
4109500
3118042
1869667
1970625
2134458
3800625
3296583
3630041
1903333
2475250
2008542
4286500
3565708
3128167
2414667
2044625
2064333
3317667
3464334
2490333
3282041
2140792
2237000
3540125
3350125
2997667
2103334
5065042
4937625
2483667
3877500
2354250
1902750
3526417
8208875
2319375
2843958
2906250
4060375
2516792
2088833
2379083
2045750
3154167
4429375
2464667
2575083
2026083
3742667
3297500
3350583
2274209
2465333
1961666
4048750
3432000
3346333
1800584
1879125
1698417
2401291
2636291
3995458
2473916
2048250
1858084
2398291
3236917
3590708
2676958
2736875
1987375
1829500
2555750
4893084
2611583
1895667
2196042
1765834
2413916
4249667
25935208
9781583
4621541
2121125
2060125
3043417
3603167
2633000
1635333
1714791
2021458
1517459
2994041
4011042
2377041
2191042
2075417
1611291
1458000
3474125
3333208
2560334
1833292
1898750
1757125
1828000
3249875
3043833
3386708
2357875
1740542
2503541
2351916
3663667
2817000
1665541
2634792
1908750
3842708
3256875
2317250
1851791
2706291
1741375
1802375
2797416
3568250
2668791
2655708
2562459
1907292
8901292
2254666
1980041
2058791
1390834
1429125
3382375
2819083
2543584
1782084
1816209
1746083
1696084
3269666
2030625
3290292
2221833
1558500
2480833
1851292
3778709
3002875
2677708
2366334
2331708
2709167
4024291
3381958
2141125
1501041
4122250
4715959
3157625
2137625
1637541
1759833
2218541
1960208
2958500
2859166
2792291
1779833
1925584
2150208
1664833
4512666
3131917
2327750
3026917
1495875
2228125
3420875
4260917
3165584
1750667
2305250
4765458
3621792
2670208
1915833
1645416
2426500
3339792
2543750
2916042
3369833
2543584
1758209
1946042
3017958
3387458
2937916
2239334
2236417
1895209
3424333
3741792
2336417
2097000
1694375
2094416
1585833
4194667
4303875
2613583
2062208
2047208
3373375
2907125
2767916
2722292
2068792
2282250
3561458
3812667
3275334
2702416
2327834
1651375
2695667
3075084
2524708
2401500
2731625
2453250
1310792
4102500
3587166
2717666
2267167
1898667
1450375
3369750
3903625
2682417
1887708
1802583
1975458
2646500
3050167
2838000
2582000
3997666
2629958
3298209
3620500
2505334
3552833
1868542
1977792
4204167
2535833
2300708
2779292
2355125
1579459
4414125
3153625
2463208
1914167
2299916
1823292
3011583
4751333
2643875
2122625
1817000
1987250
4328750
3259292
2150667
2111458
1955667
1585417
2836792
4825375
2844625
2569875
2126792
3194959
3989458
3903500
3221167
1902083
1585667
2085917
3355542
3200834
3011125
1820958
2063208
2895083
3213958
3462708
2934791
2073625
2325584
2280750
3669250
3282042
3267041
3331333
2084625
2566458
3783834
3781625
2279833
1443583
1825541
1569916
3062292
3164833
3445625
2042291
1457458
2145917
2854958
3536208
3354792
3450708
2631459
2278584
4182208
3372625
2243500
2577917
2106542
3631875
2844750
2910542
2463000
1610375
1858083
2315958
2355167
2760000
2550500
3185042
2350958
1956291
1843208
2309542
4518125
2227083
2135208
2193416
2328750
1695750
2516292
4336750
3775834
2508084
2798583
3104209
3326750
2453708
2389916
1735958
2600334
2341542
4838792
3118125
2390333
2157750
2657792
3304417
3425084
3065625
1602667
2038792
2190583
2222000
4094875
2627875
2438542
1853416
2203333
1861709
1866084
4488958
2355625
1867875
1875500
2207459
1702250
3936125
2855334
3429667
2107667
2132375
2136166
2507458
4344500
1897250
3438917
2101208
1954125
3171333
5521166
2131667
2257083
2224542
2119709
4055250
4994750
1755583
1950291
1431125
2486625
3527250
3162708
2712416
2838709
2211708
2038959
2812125
3647958
2402167
2104084
1784625
2539625
3417708
3879791
3135875
1858916
2175708
2074958
2504667
3004333
2364250
2795667
1577500
2703083
2069125
1532583
3955958
3367791
2794167
2090000
1851166
1720084
4471208
3355417
3173334
2460708
2357959
2131125
3814875
3276125
1531541
1519667
2071917
2221375
2920208
4207208
3226667
2318583
1528792
1811750
2153708
5015708
2644875
2284959
1718625
1506833
2290417
3115750
3908292
2626667
2394500
2531584
1533042
2788750
5980708
3140125
1913666
2655333
4495666
2830833
2962792
2213166
1575833
1401834
2371083
3213958
3117542
3289334
2155084
1583000
1628292
2551417
2850583
3055667
2518167
2192125
2001209
1887000
1841875
2913333
2475709
2442625
1905791
1582208
1607500
1428167
3120500
3773500
2634042
2002083
2060750
1978000
4334417
3642375
2357625
2542459
2225000
2053542
3733875
3272209
3159167
2820542
1849959
1992417
2764500
3787417
1972375
2904666
1941666
1750916
1389000
2555334
3692416
2497250
2344500
1950041
1736000
2130500
3317917
2841708
3469167
2829959
2278667
3303500
2761959
3585250
2975125
2452458
1618833
1826375
29233541
11785125
4856958
3025750
2275125
3569458
3203750
2454708
1839500
2648416
4054000
2920125
3069000
2358750
2366292
2088625
3725584
4069833
2198917
3146125
2219958
1472458
3847666
3643750
2435208
1801166
1935666
1882500
2334833
4045250
1970417
1744417
2279291
2544917
4392209
4354250
2106333
3062000
2866875
1658625
2954209
3039583
1837083
1763667
2680042
2835917
1810333
2630875
2949708
1819833
1623500
1801375
2668959
1590125
1619709
3687292
5339875
3643542
2422791
4901208
4246291
2464667
3189541
3855209
4956958
2253792
4818292
2164125
1658666
3935125
3632250
2828792
1739917
1571708
1393792
2033625
2777750
3100625
1993083
2136833
1659958
2401292
2041208
3013917
3235084
3724084
2485291
2166083
2372041
3572125
2448875
2346500
1961083
2406042
1608250
1693833
4023208
3158041
2106208
1606750
1788625
2056291
1426666
2179250
3140125
2646958
2557666
2464125
3540292
2735417
2966208
4080375
2030042
1893250
2125959
2281959
3886958
2970167
1966041
2996250
2279709
2200250
5414000
2199084
1947500
2484458
2867500
3530667
3317125
3167583
1611125
2416000
2009709
2705167
3409542
2676625
2312500
3428042
2327084
2238459
4210125
2932167
3729166
2553834
3575125
3686916
3697292
2502458
2583333
1764625
3818292
4216000
3007542
2290750
2996959
3097542
4914792
2854584
1773458
1442709
1733417
2376625
4036958
2110917
2583458
2677083
1615291
1966166
2661666
3564125
2721584
2491250
1554417
1505917
1581750
3287791
3769459
2927666
2230042
1450958
2185750
2332208
4994458
3541542
2502000
2585542
7017292
5978333
5000375
7594291
4456334
3332500
2322083
3716625
3844584
1995917
3450917
2485083
3921208
2196334
2229750
1652167
1899250
2344250
1844625
5020625
2612750
2616458
1618500
2120583
2225417
2433875
4631833
3345500
1607125
1454959
1603166
1578791
3110416
3854167
2166416
2205625
1970458
1969667
1898958
3521250
3508459
3243375
1829084
2274334
2578375
3698875
2568792
2949291
1533583
1623125
2372458
2903916
3961375
2687958
1951708
2063292
2355250
1640833
2352500
3539541
3625292
1887083
2590417
1867167
4106792
4052042
1840500
2422125
3478541
2969583
3681000
3225209
2022667
2193000
1416459
1403000
1708125
3191333
4384375
2430958
3053917
1477042
2090542
4884041
3410583
2182208
3325166
2524875
3198500
3729000
2829042
2908833
1654625
1503375
3501917
4243250
3223875
1717125
1501125
2019125
1745125
4994917
2518500
1971875
2171166
1609750
1819208
2819000
3855417
3172917
2005042
3147916
2289750
4402500
2833834
2305250
2135583
2306708
1852917
1871833
5850500
2937167
2047792
2088083
2251958
4950500
3497834
2135792
2203208
2247625
3489625
4168125
3518875
2436208
2047917
1619166
4445292
3475250
2210416
1587375
1974375
1618916
2525208
4746958
2450625
2766958
3225042
2028042
4261292
4211417
2652208
1740166
1463125
2211709
3736209
4304125
2884042
1822791
2771417
2303792
2882500
4444208
2676375
2075583
2143542
1961000
3865917
3303625
1767334
2116417
1824916
1870042
2029375
4259833
2655875
2430792
2579292
2354166
1826125
2684542
4317667
2792875
4483917
2451959
2683875
4276791
1905042
2632541
1874041
2937125
2734125
5007041
1902500
2501833
1915000
2331833
4295125
3477625
2885958
1852542
1564917
2228417
3437875
3990125
2417500
2203958
1842125
2003958
1637416
5118750
2756583
2535917
1849042
2099250
1793417
4282500
2862583
2365791
2140917
1995792
3019750
4740875
3365083
2312083
2164167
2331416
4133959
3440833
2864667
2849208
2446834
2267667
3454625
4211125
1918958
1499500
2970959
2245625
5078625
3150542
2206959
2923167
2355375
4889083
2754625
2471875
2121458
1763625
2166167
1959791
3937792
2838042
2852333
2565834
2200750
3555291
3696291
2939583
2160791
1999916
2075333
1939459
2777167
3339750
2932333
2010500
1636500
1925916
3846916
3429833
2835041
3668333
1484209
1740250
5352042
2820000
1859959
22925291
8197875
5698292
2516416
2227417
4788084
3397833
2267083
2830375
2399166
3582792
2554791
3247959
2480333
1544625
2482292
2840666
4081541
2148500
2095625
1840125
1857000
1549750
3355750
3440042
2878792
1867125
1837708
1511875
2505959
4281833
2619250
2463250
1697041
2365208
2011917
1559000
5850667
3215167
1897708
2408042
2360792
3814708
2873458
3306708
1919459
2048625
1866167
3187833
3239500
2295000
1980208
1752666
2141667
2133667
3166333
4836334
2312875
1911666
2740083
2101166
3771625
4099916
3104834
2381042
3188417
4586792
2432708
2266000
1697334
1840583
2315167
1720333
4398292
2591334
2779083
2598833
3671500
3099041
3387833
3283458
2282333
2175875
1776625
2788958
3448000
3208833
2701792
1805959
1813167
4130750
3172584
2510417
1794375
2705750
2282583
2078250
4183458
3224458
2121542
2555583
1648459
2635708
3581250
2820083
2525500
2849208
1987167
2995791
5297625
2438375
2152042
1760417
2599458
2867458
3578458
2970208
2732458
2363458
1912583
2144750
2776750
2754834
2658292
2260958
1632500
2009833
1888917
4482667
2352500
2402208
2441209
1767500
2085875
3566667
4057542
2331167
1704500
3131875
2371833
4549166
2602625
2442750
2454000
2421417
2157292
3310666
3439667
2534333
2313750
2057375
1919250
3981541
3149500
2856750
1807667
1877750
1879708
2631750
2750583
2655916
3094416
1806417
1957791
1857500
2187834
5328833
2566958
2352459
3123916
2159000
2496583
3168250
2997583
2417917
1743750
1588791
2205750
2067917
2809667
2652334
2351292
2074167
1537833
2116750
4119250
3898708
2487042
2243042
2540959
2408709
2622875
4267625
3417542
2130958
3362542
3117584
3964417
2369625
2123708
2096833
1183625
1591541
3292875
3264209
2911375
1320375
2766417
2526583
2235084
4867125
2834209
2064333
3015834
2031584
3593250
3313625
2468792
2698875
2454958
1817583
4023250
3050875
2906458
1941667
1613000
2315541
3956542
3058375
2276750
2560625
1659708
2496125
1767459
4265667
2901167
3605375
1457500
1884458
1889209
3859916
3436209
2536666
1906792
1628958
2111125
1511167
3532625
3659750
2173625
3169500
2982250
2500708
2338583
2699917
3058208
1907542
2112125
1946125
2520250
3938459
3104750
2742667
2294250
2305541
3882000
4371792
5679375
1814542
1735500
4583750
1829667
2165625
1678750
1787791
3490416
1871166
3527583
2983459
2627166
2360584
1846542
1957500
2107042
3651166
2525209
1886666
2788333
2784667
2793000
3919125
2472792
1884458
1992084
2035375
1735209
3486042
3015500
3143667
1765250
1836000
1654416
1775666
2165917
3732875
1533084
2330375
2136125
1801291
1720625
1938667
3016625
3780208
3235500
2766542
2864791
3205042
3388583
2775709
2824000
1892958
2439584
3760292
2795875
1730917
1441333
1911917
1849625
1980708
4077000
3406542
3130667
2169750
1994417
1850583
2466750
3720541
2798583
2209500
1668333
1678375
1668875
2134250
4649500
1965542
1585625
2306917
2782917
3086416
3653125
4819292
2440292
1693625
2278750
3356792
3810792
2788875
1931542
2117667
2876208
2847833
4069208
2368833
2119750
1405542
1994166
1587292
3612667
3321542
3696833
2125500
1855833
2029417
4035625
3903541
3223500
1971750
2137166
1842583
4569000
4442500
2500542
1940041
1720125
1499083
3797417
3393750
2289291
1761667
2051000
2018500
3762750
3588250
2978916
1989583
1912584
1930583
2349292
3443791
3328083
3594000
1950000
2161250
2977041
4991500
2437292
2320750
3304416
2656917
3191625
2112958
3190375
2750500
2173250
2474500
3342500
3043125
2297250
2277833
1737250
1954209
1552958
2813959
3420042
2381583
2119291
2815208
2099584
3187791
4033709
2918708
3413958
2152458
2221291
4582583
2419458
3208625
1860791
2114916
2340708
4396833
2584750
3230375
2394417
2546875
2436500
4420167
2326667
2010958
1659709
2404666
1877416
2867500
2897958
3551792
2302500
1739791
1588917
2276625
2972583
3360916
2368709
2125417
1769000
1585000
2111958
4465792
25289500
5071750
5643458
3227625
2410750
2417625
3263208
2799041
4229250
1883834
1897833
2620291
3338458
4647375
2289166
3149084
2387708
2616042
4490375
3125667
1622125
2236209
2442000
3235125
4009084
3475250
3095417
2536750
3161292
4055375
3248167
2686750
2886833
2100791
3572417
3478958
2990417
1822500
3014458
2443750
3585292
3425333
2508458
1956542
1797250
2265375
4591625
2605167
3758000
1720041
1938625
2317334
2944958
3578750
2631542
2183084
1553375
1982750
2306041
4041625
2775250
2841417
2391792
1510583
2619167
3055250
3078167
1699125
2611125
2161417
1935083
2415208
2930042
2925375
3182791
2269541
2643959
2861416
2550166
2865042
2370458
2489000
2035458
2089000
5366792
3403459
2047333
1949083
1884500
2190208
1575292
2999583
2880791
2920375
1840750
1676500
1533750
1480417
3914125
3471625
2621417
1987708
1591417
1531208
2174125
3498042
2576875
2015042
1935833
1571459
1884125
1568917
3398708
2610500
3218542
2437958
1703333
1647834
2206375
5092959
2855167
2578375
2568250
1980833
1769541
4541417
3013750
2512125
1737750
1809667
2048083
3325292
3423542
2671750
2549500
1795416
2315458
1696959
5089333
3299833
2522083
2417666
1898208
1852084
2659500
2909292
3623583
2068167
2081792
1694833
2726500
3047292
2125125
2162917
1743833
1853666
2134500
2728958
3881000
2700958
3148417
2077334
2890500
3682000
4311500
2825584
2172292
2183958
3858458
3876708
3024750
1950709
1740708
1850125
1981208
3393792
2732917
2408000
1838625
1491000
2069667
1844708
2992166
4341792
5372875
2689708
1596125
4312083
2844625
3851458
1738042
2234959
2108792
2994833
4044167
2871541
2479500
3142666
4241417
3069500
3554791
2809791
2241125
3617000
4597833
2770791
2886125
2948667
2820583
3627917
3395375
3670458
1692750
2288791
3185333
4071333
2274416
2041584
2185333
1653041
2433375
3524208
3450500
2536375
1698750
2850541
2909917
2216083
2601708
3203416
2757875
2794583
3465625
3520875
3326125
1987917
2502042
2333584
3619584
3358208
2313792
2217000
2005750
1698333
2107750
3699583
2799292
2187375
3164834
2057125
2313708
2274500
3835417
2941333
2164583
1635708
1797417
2390250
4657958
3044875
2897625
2763042
2226709
4358250
3079125
2183708
2354417
2370291
2038417
3566209
3836458
2923167
3344833
2934375
3320042
2934416
3970041
3259666
2246875
2063208
2530917
2760375
2049667
1552334
1954958
2051375
1910958
4324208
2866041
2985500
2524333
2549041
1527584
4914041
2383833
3271084
2220458
2227833
1640083
1772667
5183459
4386292
2272250
3475917
4480167
2830625
2591583
2155708
2129833
3055791
3544542
3410459
3115250
3589083
3431417
4287208
2549958
2311500
1701083
2779500
1934500
5037959
2251958
2219792
2159583
1920083
1821292
1740000
3661583
2827584
2318500
1862959
2396667
2226167
3047292
4102875
2633584
2650625
1871083
1665416
3219166
3590500
2488792
2663084
2220125
2771458
2915791
2822708
3711625
2513875
1729625
2245250
2100958
3855792
2700208
2059000
2170625
2456250
1781167
4238917
2994709
3131417
2140000
2069333
2212375
3482500
3333667
2239833
2129458
2064709
2012041
2021292
4688542
2737416
1978292
2030875
2521916
3982084
3829583
1941709
3052208
2221708
1505208
1858083
4246500
2592709
3005500
1735916
1917833
1634125
1960375
3441750
4168459
2911875
3481167
1605541
4689292
2823167
2085583
2021875
2042208
1911625
1853000
3946416
3457125
3201208
2409708
4130500
3451417
2311208
1929959
1834584
1672375
1994583
2172916
2853792
4178708
2174833
1657417
1637084
2419750
1990291
4642500
2454084
2365458
2891500
2418416
2917042
4507625
2582958
1825333
2587292
1861750
2776250
4202042
4247709
3158417
1850292
1585959
3632917
3223292
3275666
2168416
1802458
2083917
3287292
4086542
2589792
2532541
1824959
1527583
2901042
4386875
3363916
1945958
2368250
2068875
2367834
2227416
3822041
2217792
2675291
1870041
1613583
4966000
3141375
2193333
1985792
1847166
1716667
1847667
4600083
2910917
2545083
2236959
2183708
26015042
5770875
6969541
3819417
2613083
2584833
3274125
4873958
3064083
3725458
2316292
1575917
4578125
2284458
2307708
2956417
2041583
2442625
2828458
2869875
3603667
2536458
2488875
1874334
3682750
3306958
2377625
3386750
2104709
2878250
2971042
3281541
3741750
1625167
1944459
2587583
2977708
3566875
2975458
2251541
1654584
1830000
1507625
3102458
3905083
3027333
2539792
1924541
1780417
3005000
2934250
3671250
1330042
2291708
1951667
1666416
4131167
2955708
2707583
2168250
2901750
3281500
4266458
2493791
1872500
2095583
3087750
3540792
2695416
2925791
2775917
2233417
2169833
2075583
4925208
3941208
4315708
2796458
3594250
2924834
3003750
2051708
2092959
2084834
3815792
2620709
2203541
2466667
2595083
2864500
4767833
3123708
3190042
1435500
2550041
2046000
3852583
3847375
2391667
2381541
2053000
2495541
4592083
3193958
2890583
2393000
2298667
3274458
2616625
2253125
2562417
1979958
2446875
2172458
4556125
2771833
2804250
2371208
1728875
1882667
2795542
3117125
3372084
2042208
2049792
2408208
2861834
3196500
2666292
1952958
2162917
1911167
2304750
4001625
2619625
3038791
2690000
2572667
2618833
4019333
2181708
1640334
2034125
2343083
1814583
2285167
3564625
1991125
1851125
2189625
2541625
2110708
2016792
2995000
2822292
2450541
2260750
1910000
2988875
2198333
4024709
1972584
2086750
2345375
2503083
1925750
2785833
3852167
1914167
2520375
2568708
2126708
2901750
4525500
3274541
2053875
2429125
2020459
3826666
3610208
2854250
2493291
2209333
2311459
3576375
3425333
1922792
2496084
2102834
2464542
3644583
4199916
3035958
2660334
2440417
2619583
4735750
3032750
1568209
2017917
2046084
3763334
3521375
2279458
1952625
2446458
2347041
3284208
2864209
3141875
2296625
2490542
2791334
2712041
4212958
3633417
2004250
2119875
2587459
3342166
3872375
1628000
2448250
2070250
2605500
3130209
3612042
2236833
2277250
1973584
2324000
1634625
3858208
2771417
3248542
2086875
2151500
2423166
4195542
3009000
2578375
2533792
2539000
1524208
4562042
3609084
2380833
3294041
2646709
4842667
3750000
2729916
8207708
3465709
3152334
2186583
2590542
2665000
4402375
3672458
2022792
2248458
2329333
2710541
4592875
2989041
2080917
2227250
2157208
3702500
2831541
2701500
2084417
2230250
1796833
1458875
2775666
3983167
2702625
1869042
1912375
2116917
2167083
3008542
3545458
2567042
1804416
2154917
1780292
2294667
4499667
1976042
2562042
1626792
1827041
1839250
1680875
1772417
4654833
2812667
1748209
1877125
1480750
1895000
3494000
3099417
3161542
2309958
2108917
1428000
3093791
2508625
3287250
2171292
1956000
1937125
1684125
4480250
3644000
2367459
1848417
3080292
2497291
4203625
3294084
1941125
1893625
2106667
2074750
3397291
3883250
3769084
2142125
1872625
2104250
4621375
4063375
1965500
2194708
2373541
3127000
4460083
3073958
1835041
2010375
2193000
2320459
4027167
3762708
2280750
2622916
2063417
3639416
3850250
3087542
2228375
1945416
2064334
1870083
4749750
2510334
2673875
2047083
1493792
3862541
3392250
3459125
3241583
2585833
3224709
4533834
1821083
3711000
2161500
2366708
3149333
4459542
3866833
2670625
3916333
5248208
4296625
3699084
2221750
5188834
2626166
2109417
2259709
1916166
2810000
3928166
3365875
2226000
1961208
1834500
2705500
3486584
3754000
2983333
1679709
1664625
2117125
2718084
3603875
2545125
1883334
1986917
2143000
3386583
3117792
2193667
2188583
2532833
2366250
2132458
3307167
3496542
3053208
1875291
2274625
1856000
3298875
3661416
2647125
2230125
2261542
1773667
3025042
4060667
3211541
2223667
2566000
2057375
2324458
2090583
3466000
3181625
2361375
2116208
2321708
7268166
2867250
1905542
2667666
3608833
3947042
4648750
4900375
4597708
3645750
3367959
1918916
2100625
3439292
3066666
3145459
2594625
1844875
1809875
2190542
4049875
3471333
3160542
1216375
2288041
2626042
19394000
11202292
9639166
4218459
2125875
2259042
4729792
4033084
2277583
2688125
2135583
2039167
2678500
3926750
2672584
2374833
1625583
2855209
4312833
3837833
2484750
2158791
2571709
2728459
4260834
2403125
2645041
1942666
2745459
3315834
3898834
2977584
2722667
2024958
2798500
3425167
2368083
2628625
2036250
2230583
2142167
3349541
2496584
3021041
2922875
3131667
2344834
5086333
2639000
2218542
2782500
1747750
2195625
3489083
3454166
2779041
1924959
1834917
1983416
1674125
3651000
3614375
2722708
2050833
2624959
1797125
3617042
4422625
2547042
2411208
2174667
3500583
4368583
2786250
3324625
2483042
2902250
4541208
2808875
2689208
2112208
2632458
3197875
4133750
2592583
2088167
2478167
2057667
5422750
2425375
2124917
2682416
980042
1878208
2553708
3111125
3079167
2185959
2139292
2363916
1641250
3869000
3521625
2137667
2174625
2118417
2017625
1668333
3584333
2151708
1912500
1901625
1928625
2646000
2154125
4320291
2833583
2583375
2739625
1993916
1695750
2979125
3657334
2719209
2246042
1951416
2608625
3064666
5211583
2781250
2323417
2099500
2148666
3899959
2758375
2958250
2500125
2119708
2199250
3588459
2188959
2608667
1902167
2025292
1874000
1916667
4526958
2865459
2218042
2177916
1935791
1606250
4166125
3333500
2377125
1871542
2313084
2000125
2970500
3104458
3159542
3582167
3152250
2159958
4973084
3087417
2519541
1911083
2384875
1772125
4458458
2646291
2354042
1623750
2309125
2390166
2037375
4026291
3909583
1904042
2554291
2073084
4041000
2833208
2367292
2147584
1906875
1996083
4607834
3656625
3188875
2412167
3083709
3646209
2633875
3163541
3433833
2506166
2130959
3608125
4224083
2372333
2246167
2538916
1573750
2098958
4306833
2352958
2521375
2185083
1752209
2284750
4736584
3235417
2552584
2351042
2641834
3704792
4088291
1929375
2282375
1732875
2651500
3081834
2728833
3092833
2247375
2698042
2037875
2586750
3380209
2577291
1875000
3225958
1879083
1789625
3112625
3995792
2884500
2221292
2451750
4538459
3309709
2242125
1937667
2312541
2244875
2166417
3181000
3218791
3257292
1947083
2292541
2198500
2541792
3293542
2638916
2320625
1779625
1584625
1557791
3064833
3217000
3870625
2702084
1607959
2480334
3201375
3921958
3138667
1910542
1976125
2304583
2650291
3234375
2309375
7904750
3186083
2678500
2982166
2898584
1732875
1748667
2462042
4260334
4109417
2866875
2516209
2235750
2503917
3342250
2366042
2746666
1941959
2252917
4042416
4156875
2913750
2108042
2131333
1738750
1771208
4992750
3301125
1957917
2748125
1676167
3342917
3705083
2719208
2567459
2791500
2228083
3673709
3698791
2685167
2703750
2842208
3352875
4379458
2875250
2481083
2386500
1774958
2597875
4117792
2717125
1668500
2599000
3022791
4129667
3551000
3154042
2380416
3169000
3190500
3710958
2360333
2771084
2538083
5715417
3397333
3558833
2879167
2206542
4304917
3231541
3311833
3305791
1809541
2517625
4455666
4216292
2422291
1984375
1827500
3057875
3411167
2846708
1717625
1801500
1886333
2436375
4144500
3772250
2872625
1728542
1738667
2242500
3430041
3517750
2655708
2319958
1867209
1836792
3007875
3221333
3181292
2049208
2078125
1987250
2184959
3001292
3110709
1978417
2809708
1478625
2246917
1558417
4087500
3980750
2999625
2438292
2712208
3408791
2981125
2310792
2122958
1578958
2367792
2378667
3313958
2652833
2048666
1647083
1443458
1728083
2131209
2197584
4071750
1712833
2501292
2114541
1675875
2566958
2931000
2564583
1824708
2510083
2094292
2689333
2009667
3654209
2900958
2000625
2693500
1617875
2588458
2479958
3508417
2999292
2699167
2477542
2261000
2388792
4868083
2939875
2632709
2108000
1720458
2267916
4544625
2752833
2541541
2244333
1879542
1621416
2902375
4354417
2137291
1883208
2119375
2284334
1913458
4126625
3339959
2595834
2223125
1922750
2293042
4639916
3851167
1838792
2180459
27757625
7022833
4431916
5441917
2273375
2720208
2140209
2064667
2750250
4135583
2096458
3055166
2143000
1601750
3172042
3276375
3180833
2269375
1877250
2100292
2306000
3599916
2443834
2380541
2975875
2497791
1572291
2609542
4461125
2582334
1653458
2207833
2487334
2527375
2983916
2098208
2178709
2128625
1839291
1783208
3318959
4670875
2780833
2156292
1985458
2613291
4115875
2598375
2598083
3307917
2427000
2185916
3171875
3232625
3152833
2519459
2602666
3014333
3019125
3041417
3170792
2213500
1878750
1988750
2359625
3412333
2224042
2057208
1949458
1828375
1888500
3327083
2959042
4592959
1159417
2189709
1983584
2406917
3846833
2640500
1984458
2671500
2241542
2467042
4739208
2738625
2509958
1987583
2367750
3058792
3582792
3045208
2458500
1867791
1807500
3961209
3011500
2264208
2071166
1778583
2282291
2402250
2778125
3459125
3265584
2113750
1799833
1671542
2061750
5764500
3986750
2852834
2809750
3363167
3989292
2132875
2550792
2434667
2032625
2322291
3901500
3350041
3371625
2144000
2201667
3327792
2814375
2224500
2700792
2042000
2799166
2905209
4518875
2966584
2697292
1939166
1915125
3102791
3475625
2621583
2786125
2012666
1728167
2309209
4861417
3986416
2604750
2071833
3747250
5093167
3438125
2275500
2314250
2621125
4273916
3750084
2356708
2429584
2170709
6236041
2375167
2188000
3809375
2157750
4308416
3815042
2142625
1640750
1487375
2190708
3581583
3009417
2423125
2890792
1661417
1799833
2320958
5069291
3228792
2719750
2159958
1408000
2080958
3519875
2659750
2616500
2824125
2824167
2577250
4410125
3553667
3442833
2943250
2096583
3949333
2466292
2983375
2436583
2501875
2733625
2962458
1972167
3363375
1829791
1843084
1787125
2317125
5131500
2767542
2626042
2127125
2092833
1934834
4194333
3234125
2476208
2443375
3071000
3987125
3262250
2253375
2955500
3206042
3051209
3807083
