332
345
320
326
321
324
315
309
332
390
359
386
530
429
379
314
328
326
306
304
321
312
309
294
347
321
352
318
358
455
302
325
340
352
309
315
313
315
320
356
357
293
325
373
298
319
329
329
308
311
324
302
313
331
323
323
374
420
474
328
270
302
324
375
399
325
340
307
320
321
313
314
315
319
336
326
324
314
337
317
337
315
307
331
311
319
324
332
319
322
314
315
318
312
319
311
309
320
311
316
310
317
324
341
343
337
381
325
319
321
324
311
336
334
327
313
341
325
322
317
313
311
331
337
313
306
325
312
314
320
330
324
322
331
323
305
321
329
320
327
316
317
327
329
303
335
317
317
319
331
311
339
326
321
307
356
328
350
368
322
328
322
317
306
330
331
316
324
320
321
317
310
305
307
324
338
329
323
319
328
316
317
320
310
328
334
316
334
323
315
313
322
314
316
311
330
330
318
317
312
308
347
313
348
337
331
318
309
332
389
334
400
337
269
350
348
322
306
321
315
317
311
337
343
348
307
317
338
309
327
315
311
322
308
321
315
312
316
329
338
318
331
316
305
321
312
315
314
315
322
314
319
318
315
314
319
333
315
318
351
333
356
334
333
318
330
327
340
355
303
344
338
320
306
313
311
322
322
323
314
311
311
315
310
325
314
325
308
332
319
311
314
306
316
318
337
333
316
318
311
313
327
358
338
307
306
319
311
488
333
315
317
319
340
312
334
337
332
313
339
353
323
322
316
311
321
335
315
321
313
302
331
307
336
311
317
333
316
323
321
338
314
316
346
335
317
325
318
324
329
309
322
310
322
325
309
316
324
314
310
342
397
359
299
311
367
315
315
334
318
333
309
310
313
309
330
339
316
329
322
316
326
314
315
324
315
312
311
315
305
318
335
334
306
306
320
327
313
316
316
324
318
319
319
319
321
308
326
317
323
319
330
336
368
286
334
349
346
318
338
321
316
324
310
311
312
318
317
311
319
334
308
320
314
306
310
313
323
348
352
338
358
337
316
326
314
309
309
314
313
334
323
324
325
319
306
314
336
327
325
324
333
332
377
251
343
324
321
342
345
311
320
326
309
331
327
323
306
310
315
326
313
313
345
333
333
327
319
319
324
329
321
316
319
326
317
320
328
333
326
320
308
321
318
321
320
315
313
312
321
316
329
334
346
330
365
295
333
291
346
319
320
320
317
320
316
309
309
316
332
311
346
320
315
313
306
317
339
323
327
338
313
303
320
307
317
323
310
312
321
316
316
316
441
311
308
315
309
321
310
327
324
327
351
434
259
338
324
338
326
324
338
348
303
305
351
297
298
291
291
288
291
283
302
291
298
292
290
298
301
293
317
307
297
294
303
298
300
288
283
299
292
298
292
289
288
294
298
308
302
289
303
303
292
292
307
349
303
318
424
298
309
297
302
324
284
277
325
298
303
291
286
288
314
292
298
295
311
302
298
322
279
302
305
282
296
295
285
306
285
283
289
293
293
287
301
293
324
318
287
290
294
328
314
286
301
285
292
301
289
291
300
303
346
361
262
273
318
294
297
301
288
297
295
298
294
289
310
346
324
306
284
280
305
292
283
298
294
307
286
286
299
285
293
294
289
319
303
296
288
290
290
298
295
301
284
313
299
287
291
292
300
301
302
297
307
300
299
259
328
325
304
302
317
296
285
282
300
282
297
305
317
283
290
293
307
284
295
292
283
289
289
296
292
301
286
303
300
282
310
300
288
288
297
295
286
295
309
306
301
290
284
305
293
300
308
288
287
291
287
303
310
294
316
319
285
331
309
306
314
316
295
315
292
285
309
289
290
294
298
280
294
293
300
298
293
304
300
298
304
293
301
291
295
297
295
289
431
306
339
270
305
309
289
301
301
293
278
289
298
283
288
296
282
310
305
324
320
346
296
248
314
311
314
308
320
289
298
284
286
290
292
293
297
329
266
306
296
307
294
308
286
310
295
291
282
294
282
290
295
300
299
307
295
296
292
288
302
282
298
299
313
283
300
298
305
289
314
298
287
289
290
337
325
281
327
333
308
292
280
303
286
290
291
298
287
295
297
289
291
294
287
303
283
305
292
302
294
289
298
317
283
288
300
316
293
298
297
296
291
304
299
289
294
313
289
296
297
287
297
280
287
298
283
281
325
343
289
283
299
317
303
305
288
322
317
291
282
293
291
299
294
299
296
293
302
303
297
288
308
302
298
299
287
292
323
308
285
295
293
286
304
293
304
293
285
292
299
302
292
294
289
291
298
299
289
284
293
289
290
293
319
406
362
255
280
275
326
288
296
295
291
300
292
297
295
286
286
288
300
293
308
291
300
293
297
291
319
309
305
291
300
300
284
282
284
308
303
287
296
281
295
299
288
284
307
296
288
292
292
308
295
299
320
296
307
289
299
312
290
303
318
285
302
288
303
288
303
295
321
290
300
286
293
301
301
289
288
301
295
301
329
436
296
298
294
301
289
295
302
290
292
297
280
282
291
291
280
298
295
289
299
309
290
286
312
290
312
306
290
286
336
332
241
312
315
308
297
286
306
319
283
304
292
288
298
290
297
296
288
302
295
287
294
299
304
285
296
289
281
295
281
295
293
283
296
276
306
295
287
309
293
293
296
299
289
285
314
283
300
284
285
294
291
287
299
287
299
345
297
348
441
215
288
270
294
281
284
298
285
292
289
296
290
298
304
312
309
289
305
304
292
286
294
301
305
295
291
297
299
306
319
281
295
287
291
306
296
285
287
340
330
284
294
308
291
287
290
294
297
305
301
288
315
306
324
289
292
308
297
313
322
317
298
315
305
283
353
291
299
311
305
290
296
296
285
282
290
292
283
294
316
285
297
299
288
291
293
292
282
292
288
303
298
294
299
286
304
293
294
285
303
289
298
295
292
332
331
279
319
319
293
290
295
301
295
309
291
294
305
288
309
289
301
285
304
284
287
289
290
294
293
303
287
297
292
285
293
295
299
290
288
298
315
312
297
311
305
298
287
296
292
299
308
300
286
307
296
293
285
279
294
328
311
334
364
309
234
300
297
290
300
309
297
303
287
293
434
301
289
299
289
305
284
280
314
285
285
309
291
291
300
293
285
306
288
304
322
296
312
301
295
296
303
298
300
285
302
309
300
291
295
296
311
308
303
329
343
266
321
308
313
303
336
337
295
306
286
292
291
282
289
289
290
293
299
300
291
297
286
286
302
288
288
291
297
306
287
297
325
306
307
294
312
298
284
293
298
295
289
298
290
311
286
286
307
308
299
308
290
290
310
324
358
289
324
272
299
300
318
324
297
295
325
291
293
288
293
298
297
287
293
281
300
291
284
293
289
287
303
298
298
299
290
314
306
300
290
294
298
282
309
298
289
294
281
287
299
297
288
289
300
283
303
325
307
453
315
397
265
265
290
302
288
302
286
323
308
319
304
287
304
292
282
302
285
312
289
296
295
284
307
310
307
307
292
278
297
290
286
294
302
289
286
290
294
292
285
298
295
290
298
289
288
289
297
315
303
309
302
308
335
297
319
308
301
292
295
287
294
296
303
303
307
304
293
304
295
282
294
298
302
284
285
294
303
293
304
287
292
298
299
292
303
292
306
293
287
288
303
293
290
313
282
291
295
292
293
307
292
329
295
284
293
309
310
307
316
349
256
320
311
469
286
303
285
288
282
292
287
292
285
299
279
284
329
274
310
289
313
297
306
286
300
289
286
295
296
289
287
284
297
295
291
300
290
307
289
292
290
291
295
305
299
302
290
304
286
295
302
285
291
369
283
428
218
304
304
303
312
301
295
320
318
290
278
306
305
317
270
266
303
267
263
264
265
262
266
271
267
260
267
272
257
265
269
289
273
263
267
263
262
260
265
268
263
269
297
289
259
274
279
262
264
272
285
253
286
268
304
296
391
207
267
270
291
265
279
275
275
266
259
285
292
291
277
274
266
271
280
263
258
279
270
268
272
266
262
280
257
273
284
260
269
277
268
265
278
265
276
258
265
268
287
289
275
260
273
274
322
265
265
260
262
270
274
264
272
287
282
291
283
268
309
257
300
283
278
305
281
272
264
275
279
272
267
305
286
272
275
256
272
259
268
270
262
268
265
276
270
260
267
268
266
265
272
261
259
266
265
298
272
289
302
269
280
265
261
274
275
260
276
267
274
257
263
266
274
298
282
337
326
217
262
259
265
284
272
291
282
269
266
282
290
272
270
265
263
261
277
273
270
273
260
272
266
273
276
291
268
262
276
268
266
277
266
276
283
295
287
280
292
264
262
266
277
267
270
276
269
288
263
272
280
271
286
455
358
262
270
290
294
270
267
282
294
269
285
290
267
265
277
266
265
265
270
269
268
271
269
264
264
278
274
271
259
276
268
267
275
283
270
272
269
256
279
264
268
268
262
272
265
263
277
266
264
255
279
266
258
259
276
257
280
256
274
293
275
299
296
276
286
318
224
298
276
262
266
255
292
265
256
280
268
276
270
268
279
272
263
259
297
267
282
261
272
256
278
258
263
283
278
269
269
272
255
266
296
273
283
268
270
271
251
256
270
258
263
264
272
258
269
262
264
266
268
259
302
317
292
373
195
262
261
268
266
280
276
269
284
266
276
263
268
257
265
262
263
270
283
273
255
260
264
266
278
274
267
277
286
291
271
272
268
263
271
281
283
268
263
283
261
261
265
279
280
259
262
266
267
260
284
277
267
276
268
289
280
286
310
282
277
287
275
301
267
270
285
265
262
278
270
289
265
261
276
288
259
267
276
260
282
269
281
268
276
259
276
262
265
275
289
258
272
264
275
271
279
263
268
269
258
261
261
269
272
265
267
285
263
269
271
278
284
270
263
264
286
362
256
242
286
283
260
281
279
275
266
273
265
270
270
258
259
259
268
280
258
274
260
259
319
300
275
269
267
268
278
280
259
269
269
270
278
282
265
270
268
278
268
260
268
283
258
279
376
275
268
290
275
275
263
257
257
270
267
268
265
283
282
284
282
291
285
230
278
290
283
274
274
267
277
285
273
263
269
257
285
299
273
281
263
266
274
257
267
271
278
266
271
269
268
264
265
265
271
270
253
256
267
265
265
272
261
265
272
277
270
295
269
274
268
269
268
279
281
275
325
244
286
296
282
283
265
268
270
267
284
262
265
275
269
272
276
273
294
287
277
270
267
284
266
287
262
265
260
275
255
272
270
293
269
277
262
262
282
274
264
259
272
267
262
261
279
275
282
281
266
263
278
274
263
275
259
261
260
258
277
264
261
307
341
234
315
267
297
275
264
269
268
258
271
277
296
279
282
286
290
285
272
260
270
275
255
272
268
271
270
276
271
260
271
262
267
274
272
278
258
274
273
272
285
300
267
282
261
265
266
303
269
264
264
257
266
269
265
256
273
416
152
288
304
225
285
274
278
282
283
281
289
270
278
269
270
261
268
272
275
276
274
269
276
271
264
270
255
284
272
272
287
264
248
241
276
251
254
249
281
267
266
237
246
246
241
246
245
242
235
245
257
242
235
250
242
238
249
263
253
239
232
263
276
258
246
295
220
266
252
258
276
254
255
248
258
261
317
220
145
250
224
251
252
243
240
254
248
230
236
248
241
247
243
244
239
238
239
255
236
244
242
257
425
249
237
252
247
249
239
245
239
242
247
241
242
237
232
250
243
237
246
248
245
244
245
268
254
322
197
249
257
277
247
242
259
239
269
262
254
245
252
273
237
237
234
253
250
236
233
235
245
253
232
249
249
245
258
241
256
248
259
239
248
239
275
246
255
260
247
241
258
249
230
272
233
253
252
243
238
249
252
241
245
256
247
233
233
240
233
238
251
247
250
258
266
336
191
274
226
259
263
251
271
239
236
239
236
233
243
244
241
249
241
240
236
258
241
249
242
239
245
246
244
242
248
268
261
251
238
250
244
241
236
244
263
256
236
259
244
231
247
243
236
236
240
235
234
249
246
247
233
241
239
265
241
247
263
239
252
245
277
251
276
386
635
199
236
424
834
1101
645
377
652
777
755
392
464
914
552
1084
251
809
410
415
965
315
532
340
312
383
617
606
424
1094
540
630
1027
313
352
142
296
762
260
261
260
227
356
474
291
248
252
291
299
326
258
277
245
279
268
270
259
301
263
298
315
334
378
341
191
415
218
316
317
533
624
239
256
321
197
166
320
219
351
205
253
327
377
319
334
376
271
441
400
233
307
228
275
378
297
236
240
233
237
236
234
294
245
243
232
228
230
250
231
244
258
240
236
237
279
241
225
311
285
231
231
233
238
238
259
234
294
221
226
255
268
279
361
269
275
361
268
281
254
247
238
265
287
224
244
275
233
300
310
255
281
272
233
242
248
365
242
239
243
248
244
241
246
241
243
254
249
254
238
255
245
239
241
258
251
242
237
241
240
258
240
245
235
245
246
236
248
269
241
259
236
241
250
242
250
259
254
258
279
229
250
256
271
238
254
252
259
303
235
250
247
235
247
243
240
250
249
248
238
228
241
242
244
256
242
249
261
247
248
240
246
247
249
247
249
247
244
241
250
238
264
241
241
244
243
265
261
243
246
254
238
241
233
239
253
238
250
248
235
289
262
285
303
207
246
262
236
244
268
245
260
252
241
259
236
248
241
238
241
244
249
239
240
245
240
257
241
250
238
240
240
251
234
246
243
233
239
241
247
248
241
259
257
270
238
278
238
243
244
245
244
241
234
238
251
243
238
343
328
355
362
406
715
484
406
439
443
369
367
436
438
339
339
387
458
433
446
423
388
444
442
387
369
354
317
363
417
379
358
328
407
377
403
366
352
435
467
333
306
466
367
358
394
613
500
462
453
396
385
458
372
409
373
472
463
395
313
411
437
362
353
305
306
499
329
380
425
446
354
390
354
334
389
348
346
399
365
453
412
472
417
389
402
404
615
627
386
440
344
443
399
410
326
328
342
438
348
361
326
429
422
451
300
436
401
344
344
373
382
437
351
360
382
326
314
292
314
292
361
375
386
305
333
274
316
226
228
243
227
258
223
236
350
101
299
172
217
235
242
229
227
226
223
209
221
219
229
220
228
228
217
239
252
216
216
215
213
214
347
212
215
225
231
223
225
219
228
211
233
215
218
217
220
225
223
212
218
215
218
222
211
220
214
218
225
210
219
215
225
208
211
211
224
220
211
224
250
208
229
215
210
225
302
239
190
211
230
245
217
226
226
219
215
214
224
222
221
217
223
216
221
223
214
233
217
221
223
245
226
221
240
237
219
228
216
215
223
224
228
227
221
226
219
222
223
217
216
222
220
221
226
209
207
237
212
219
219
216
218
214
210
223
214
209
210
222
248
249
219
227
218
234
222
214
225
219
221
247
226
234
228
193
254
225
247
219
228
223
227
214
218
230
210
217
216
210
217
219
216
226
219
241
232
217
218
245
225
215
211
210
211
236
235
217
236
225
212
227
211
230
217
227
213
215
222
216
222
233
229
219
210
228
225
212
220
221
229
230
214
216
216
225
209
224
228
223
216
214
220
227
230
237
252
291
245
229
209
223
214
217
231
224
222
260
217
205
209
226
214
225
265
204
225
205
209
210
224
204
216
219
211
211
215
214
219
213
209
206
215
216
228
221
209
229
214
227
213
211
223
210
229
224
207
213
216
237
220
242
208
219
224
217
226
214
226
210
246
215
235
214
232
207
212
207
228
221
230
229
222
236
242
248
230
239
215
233
223
233
232
214
239
225
210
216
237
211
205
217
213
222
223
216
221
223
216
226
235
234
224
230
237
234
206
208
209
216
215
216
234
256
214
219
218
206
218
267
218
224
218
213
206
210
211
220
219
226
230
222
219
228
208
222
211
219
214
220
236
267
200
217
238
237
238
226
205
238
223
216
203
226
240
353
219
207
229
217
214
222
210
209
210
219
224
214
215
239
217
214
220
212
225
219
217
211
222
212
224
223
217
211
211
229
219
219
233
226
261
232
226
219
215
219
215
215
211
211
215
215
227
218
215
211
227
216
219
214
215
227
223
228
245
239
229
296
173
247
186
169
265
230
238
230
217
221
213
213
228
219
210
220
212
224
244
198
217
213
211
222
218
221
213
225
214
216
212
219
217
228
235
223
209
238
213
232
236
205
252
227
215
229
216
211
224
215
209
221
212
216
224
218
220
209
219
221
227
222
227
225
224
211
217
226
227
224
223
223
250
305
234
201
203
241
237
224
228
211
219
214
218
220
231
213
212
216
220
220
221
234
219
217
223
240
219
231
212
212
218
220
218
210
236
229
221
229
227
220
243
210
210
220
217
225
222
224
214
218
206
219
225
216
214
216
223
223
212
211
222
222
213
208
223
208
223
222
219
217
238
243
317
224
255
175
247
221
250
230
218
213
232
224
217
261
220
217
229
213
223
227
220
215
212
210
212
227
217
227
222
227
211
227
221
214
228
257
224
236
223
218
220
236
211
218
213
221
223
234
225
217
217
236
227
224
219
215
215
220
217
213
218
219
216
216
223
215
219
211
219
218
263
211
244
233
250
194
243
224
229
219
253
217
224
218
217
220
237
218
230
225
226
218
224
234
226
234
219
217
223
216
222
218
231
229
231
215
257
227
224
219
210
219
218
218
218
228
217
222
219
216
223
222
210
216
222
217
212
217
218
220
216
215
222
210
228
216
220
236
221
218
218
227
220
209
235
249
244
412
253
221
223
215
222
228
212
238
230
215
230
204
231
222
220
208
230
217
214
217
220
222
218
206
209
230
228
230
237
233
233
241
245
219
222
203
225
213
220
217
222
216
209
210
229
215
210
209
217
232
208
225
212
213
212
229
222
213
221
214
211
213
232
213
220
225
221
225
217
229
251
195
255
240
250
217
225
218
231
224
217
214
215
233
216
229
224
214
223
214
215
221
224
209
222
241
205
238
226
226
221
214
226
217
216
210
228
221
212
219
216
237
222
222
221
223
209
227
216
212
217
228
229
227
232
213
212
219
227
221
242
229
244
210
223
230
233
211
222
220
230
215
214
239
250
219
213
214
256
222
244
216
211
215
211
226
224
221
216
209
215
219
215
221
220
224
281
188
242
234
211
225
224
217
229
232
198
190
212
195
207
195
196
202
190
190
204
202
200
196
189
199
186
193
198
208
193
191
189
196
191
190
186
221
198
208
190
190
201
198
195
197
193
195
191
200
194
194
189
196
191
206
200
201
248
183
205
224
215
195
195
194
186
188
193
195
204
211
213
203
204
216
209
209
198
196
186
203
192
197
201
194
191
197
182
204
192
208
194
197
184
192
208
182
201
195
214
208
205
200
200
207
225
243
194
190
207
187
194
206
229
198
187
205
194
194
199
188
187
203
210
187
195
228
191
192
194
200
200
198
187
196
202
199
221
216
236
240
186
206
196
217
196
198
193
198
196
192
208
182
217
188
199
186
188
183
201
185
196
205
196
201
190
194
186
194
192
198
192
202
185
188
193
208
200
189
187
184
202
197
187
187
192
195
185
196
185
192
209
209
210
202
212
195
191
191
188
194
189
194
193
196
195
203
192
314
205
184
193
196
191
196
191
188
189
216
224
193
198
209
180
218
196
215
184
185
204
232
193
202
192
196
196
195
196
190
200
198
194
184
202
208
194
184
197
202
198
185
192
198
201
206
188
189
209
190
198
189
187
201
194
202
188
206
200
210
185
217
209
200
190
191
193
192
189
190
189
197
198
199
199
199
199
190
197
193
192
188
190
192
206
191
189
200
188
192
206
198
224
198
253
197
191
222
201
205
196
242
200
196
204
195
191
199
198
191
200
197
195
199
202
192
193
193
205
196
190
203
200
204
190
195
191
189
226
202
197
195
194
216
213
193
205
199
194
194
191
191
195
197
192
201
194
186
196
193
190
195
187
188
194
193
194
194
190
195
190
197
193
193
192
202
193
189
197
191
188
187
187
200
216
240
215
187
150
238
173
196
196
237
195
185
195
181
187
194
199
183
196
185
185
188
196
200
201
182
192
191
195
183
196
203
190
187
205
193
190
176
188
191
183
179
191
197
208
200
185
188
199
186
204
185
186
185
181
190
187
192
194
196
194
203
184
187
182
196
185
197
187
195
193
183
197
191
193
195
181
187
183
188
192
203
197
238
193
319
250
166
195
223
195
194
191
198
200
202
184
198
195
207
206
188
203
187
197
184
194
184
186
205
197
219
202
191
193
190
181
203
186
196
202
206
197
222
190
200
207
212
190
186
186
188
188
196
205
194
183
190
200
189
181
206
184
188
196
181
195
203
192
188
202
185
184
189
185
196
206
185
212
209
199
221
191
184
203
196
199
216
218
205
281
144
205
170
202
209
204
193
197
204
200
202
203
209
195
195
189
202
187
210
203
197
188
191
204
197
208
190
187
212
202
200
209
193
191
206
199
211
207
206
231
222
207
189
192
193
199
198
193
203
200
343
199
190
193
197
193
190
184
187
208
192
203
188
194
195
195
193
203
198
219
195
194
192
194
196
201
214
218
216
184
216
201
216
204
194
199
189
206
206
217
199
195
190
190
198
195
194
192
185
188
196
190
184
194
199
214
198
187
193
210
200
217
194
196
186
202
189
191
205
197
206
193
193
190
191
204
190
202
196
182
192
192
187
199
185
205
201
194
189
190
196
187
190
202
187
200
202
221
205
189
194
187
190
189
188
204
196
189
194
188
207
204
205
255
267
123
202
186
91
184
236
167
152
185
164
170
159
171
171
166
187
168
177
169
168
184
176
206
190
202
155
174
168
168
166
159
165
173
171
169
173
161
164
179
166
165
180
173
169
162
180
173
175
178
177
167
171
160
167
164
170
163
163
172
171
171
179
168
175
176
168
174
164
185
165
206
161
165
181
161
173
170
176
175
172
176
178
165
163
173
170
186
168
190
216
143
205
183
190
198
163
168
165
173
164
164
177
178
171
189
172
174
188
180
176
220
151
174
173
176
180
165
166
170
172
164
172
163
170
169
180
165
173
162
158
163
171
174
170
163
180
170
165
174
176
168
169
172
162
169
171
174
161
166
161
169
163
176
170
162
164
189
187
194
185
174
165
171
164
187
168
184
164
176
166
172
167
169
173
167
175
163
170
169
182
167
167
177
291
105
132
231
145
149
181
177
182
163
189
160
169
165
173
169
176
172
183
170
200
180
177
167
172
170
165
169
168
164
176
162
166
170
163
162
169
170
173
171
175
169
167
168
167
177
165
173
161
175
178
175
176
168
164
175
168
166
167
175
175
167
207
176
178
192
169
188
166
165
160
175
170
168
170
165
162
171
169
169
164
176
170
178
162
166
183
169
176
166
164
174
164
173
177
181
180
180
285
179
171
213
183
179
162
169
179
195
207
171
189
160
180
166
161
181
166
158
173
160
182
185
159
163
166
174
158
167
164
167
168
166
162
167
162
165
160
160
169
170
280
159
173
164
165
170
171
172
160
174
170
169
187
165
177
167
169
175
170
168
181
168
173
170
175
166
165
167
166
170
166
162
166
178
178
169
173
175
181
176
176
166
166
165
163
172
172
165
165
175
178
179
183
180
197
145
222
172
190
181
177
185
185
165
184
171
174
181
182
166
161
161
170
173
161
173
161
183
163
168
168
182
169
163
160
164
167
164
170
163
174
186
168
166
170
181
185
165
170
159
166
177
175
176
150
168
169
165
166
175
165
171
163
162
159
160
172
164
174
166
161
181
164
164
173
184
160
173
168
162
170
167
173
167
160
172
162
175
169
172
165
166
172
179
169
176
182
199
156
239
136
193
212
115
99
196
167
181
178
171
181
179
166
163
168
181
170
163
172
168
176
166
169
165
166
167
170
167
165
167
159
174
169
168
170
170
164
172
170
177
177
175
183
162
176
165
162
178
175
162
171
167
176
177
165
168
169
172
173
168
183
179
164
171
168
161
162
182
166
170
165
164
174
162
181
176
171
165
171
176
167
167
169
162
169
168
175
192
199
249
120
237
173
177
171
203
179
169
171
165
170
164
172
178
173
182
177
176
171
167
165
164
169
169
185
169
193
178
170
168
178
169
181
180
164
180
162
162
169
173
170
180
171
165
196
174
174
164
173
161
167
171
162
167
177
168
166
163
169
163
166
167
174
173
163
164
178
178
160
176
166
177
171
170
171
167
160
174
160
172
174
172
169
174
173
159
164
166
162
163
189
179
171
202
173
190
176
176
182
177
161
166
164
164
168
165
162
160
177
167
179
168
184
178
180
174
198
155
153
150
145
144
163
157
159
142
140
138
143
147
147
144
136
147
144
147
161
144
142
140
138
141
158
149
151
147
133
143
158
142
144
142
142
144
146
150
144
155
144
142
151
149
133
140
142
147
141
144
153
141
147
148
140
152
144
135
147
148
148
136
139
145
147
141
150
152
144
148
170
140
142
150
147
138
152
144
146
160
161
146
203
174
132
129
191
142
150
177
146
161
140
158
134
153
146
158
145
173
144
156
143
143
147
147
156
149
146
139
138
142
148
244
143
142
146
153
146
141
151
150
147
146
147
138
142
141
152
146
138
147
144
139
164
152
139
156
143
148
141
139
141
141
138
144
149
148
143
138
139
138
151
143
141
137
156
153
141
141
157
141
142
138
145
151
143
137
141
153
152
142
140
147
148
138
147
141
139
145
156
155
156
153
145
138
147
143
141
143
149
154
144
165
156
166
154
136
155
123
157
170
165
141
140
137
141
140
153
147
144
146
143
150
145
147
135
157
138
148
140
151
141
173
155
132
155
142
144
144
144
149
150
138
165
150
155
152
142
142
143
139
142
147
146
141
138
145
135
149
144
143
139
147
142
139
160
140
143
139
137
153
135
142
138
141
147
137
148
141
141
140
154
140
135
147
171
159
143
148
143
154
135
146
144
144
148
147
144
144
152
150
148
137
148
149
140
138
139
158
139
237
99
145
126
176
155
154
146
137
139
148
139
152
146
149
139
157
143
142
137
148
137
161
139
151
141
150
142
156
134
150
177
150
148
144
140
152
138
140
149
154
148
148
154
147
138
139
151
142
144
146
149
144
140
143
156
155
158
142
164
139
141
143
142
154
147
153
138
140
141
148
150
146
141
145
148
150
141
148
133
140
150
144
138
152
141
143
140
148
161
148
160
155
144
148
137
145
139
149
139
139
146
140
142
134
150
143
144
146
151
140
148
149
151
152
169
154
158
175
165
163
71
241
304
164
151
139
155
143
141
157
148
140
162
147
134
147
144
152
157
139
136
139
147
139
138
147
142
148
148
140
147
148
147
148
150
149
140
146
138
146
138
137
138
151
146
140
139
169
150
148
146
146
139
138
140
141
140
140
139
140
154
142
145
162
154
159
147
141
151
148
159
168
143
145
142
139
145
141
138
136
143
152
147
136
147
135
138
145
140
147
145
138
155
141
146
143
141
141
142
146
144
192
131
166
150
174
105
108
159
157
143
165
141
144
136
143
145
143
155
156
146
140
138
159
157
147
151
140
142
141
138
144
138
158
144
141
148
135
157
145
145
139
143
150
144
137
148
148
139
140
147
145
155
146
146
140
144
144
145
140
151
145
144
142
143
143
146
151
168
146
139
150
148
147
144
155
149
168
140
146
140
145
147
155
153
140
140
140
144
141
145
141
145
142
152
143
139
138
144
144
146
138
145
139
146
155
148
142
154
140
149
155
186
111
139
319
141
163
145
151
152
137
155
143
161
155
142
149
143
158
148
150
153
151
150
142
139
140
140
145
144
146
150
144
149
144
146
142
137
147
146
143
138
163
144
143
155
156
151
182
148
139
159
141
152
144
152
139
145
149
145
143
151
149
139
148
149
142
138
142
139
142
170
137
151
125
133
116
116
131
138
129
120
134
132
118
119
128
120
114
124
127
118
114
119
122
115
118
119
121
121
116
117
117
119
114
114
145
122
139
118
122
115
121
117
114
124
125
146
130
120
164
111
122
119
196
127
103
133
213
92
136
117
146
128
118
116
116
121
104
118
113
122
131
114
126
122
120
116
125
127
121
116
123
124
116
123
118
121
125
120
126
124
115
117
116
126
117
123
117
115
122
132
118
115
116
120
117
121
110
124
121
120
124
113
120
120
137
124
113
121
122
129
120
121
130
132
113
129
116
116
116
115
118
125
121
116
122
129
121
124
114
119
122
119
115
125
124
120
122
122
127
118
128
123
124
123
129
117
132
116
130
124
128
124
123
110
118
122
115
115
120
117
114
123
117
119
142
132
124
172
139
138
158
99
157
84
146
116
126
129
157
129
132
118
122
117
114
139
121
137
128
113
112
148
123
133
109
121
124
134
133
126
147
114
114
140
127
120
113
122
117
118
133
112
117
122
119
129
115
121
116
123
117
115
130
115
129
132
129
145
125
127
118
127
116
117
118
125
135
135
103
114
119
121
123
127
134
116
116
128
111
117
128
117
118
116
124
114
122
117
120
120
119
124
118
116
113
117
123
116
118
119
117
120
121
128
117
118
113
115
123
120
113
115
117
130
121
117
113
118
139
127
116
128
126
136
125
151
246
130
234
96
149
101
131
132
126
125
134
121
132
118
114
125
119
126
122
117
137
121
120
114
138
120
125
108
128
123
117
121
118
122
126
124
115
113
119
114
117
116
116
129
127
127
124
123
128
110
122
115
120
114
141
124
142
115
124
122
117
126
122
119
117
126
142
156
117
125
111
121
116
121
117
125
122
125
117
125
119
113
114
134
115
117
118
120
128
124
113
128
125
119
125
119
121
120
117
121
117
126
117
131
113
122
123
113
118
116
124
130
114
137
129
132
123
141
120
115
118
123
127
115
132
146
146
118
122
112
126
141
114
117
135
128
142
103
182
101
125
125
221
58
141
127
119
115
112
121
125
116
133
115
111
118
115
117
125
114
125
115
115
128
114
118
119
114
116
121
112
127
116
124
114
124
119
121
120
138
104
122
117
130
122
129
118
121
130
144
141
112
114
117
116
116
122
114
130
118
119
121
127
114
120
124
131
116
126
112
121
130
110
121
114
113
118
113
115
131
117
122
126
124
122
123
115
122
132
121
115
114
124
130
122
118
117
132
116
123
147
131
125
267
98
118
131
131
121
124
157
135
113
124
114
113
116
126
134
114
157
109
103
186
120
212
134
159
83
87
209
71
134
85
108
105
101
120
114
116
126
100
105
94
109
89
104
99
91
104
102
105
90
90
90
100
89
92
95
90
93
89
113
100
136
86
99
94
95
121
109
92
96
93
108
93
100
91
95
96
94
117
101
105
92
94
91
102
94
88
94
90
93
103
92
95
95
94
94
92
92
98
88
92
96
92
90
98
95
95
95
90
99
103
93
93
100
88
103
91
90
94
101
102
91
97
106
93
100
98
92
93
102
97
93
106
96
90
98
99
108
97
96
99
99
91
93
116
101
103
103
99
93
96
90
94
101
92
119
108
94
98
104
98
92
93
90
90
99
92
91
100
90
93
91
90
98
96
95
89
98
103
119
87
103
93
102
84
134
96
186
84
98
88
93
103
80
98
93
95
100
93
90
105
97
99
101
101
99
100
98
115
85
129
80
208
172
58
122
100
99
130
100
117
91
95
92
114
88
102
93
106
128
104
159
94
98
95
96
99
119
96
97
91
111
96
102
118
89
106
85
106
89
95
113
82
116
78
100
95
90
97
99
88
96
104
95
90
90
96
97
93
87
90
95
92
87
95
94
91
91
87
91
95
91
92
94
91
99
89
91
90
97
90
94
98
100
105
91
88
109
89
99
86
100
91
89
107
87
119
106
104
80
99
96
92
97
86
93
95
94
97
92
89
95
92
86
89
98
92
96
86
96
92
89
106
96
88
97
85
96
107
87
120
85
89
99
105
106
98
99
120
136
96
100
99
91
100
101
109
106
99
96
102
104
111
99
96
93
111
87
98
105
179
82
90
105
99
81
103
99
96
96
91
97
106
123
133
57
94
99
102
141
71
87
102
96
90
101
99
95
90
92
95
95
111
88
103
103
91
91
92
94
100
92
96
108
122
60
89
77
94
100
98
111
102
106
108
103
97
88
95
103
110
92
98
103
101
105
100
105
94
88
104
100
98
105
105
95
99
124
104
99
121
165
120
93
92
112
94
104
102
109
89
108
118
176
73
92
101
90
93
91
94
104
96
94
100
96
96
95
97
92
90
94
92
104
87
93
109
101
93
102
90
91
87
106
97
98
86
89
143
74
146
83
116
146
100
95
101
133
75
121
120
89
84
113
103
102
91
90
94
97
93
102
91
89
94
97
98
94
96
98
110
102
88
111
128
102
92
97
105
119
108
108
100
98
91
101
100
78
98
101
101
89
88
97
89
90
102
87
103
103
89
97
87
89
97
92
105
97
91
89
94
100
97
101
109
99
81
74
106
66
69
83
74
76
75
67
69
77
91
87
77
81
75
79
76
69
66
71
71
75
79
76
68
67
67
93
67
100
67
76
73
70
66
72
72
69
69
90
66
70
68
64
76
76
82
74
84
76
68
70
71
65
65
80
53
68
66
67
73
68
69
64
64
78
73
74
68
67
61
68
76
69
76
84
83
66
75
71
65
75
84
82
61
73
68
95
60
72
71
66
66
78
66
64
72
78
68
75
68
69
65
73
75
74
68
81
96
40
100
86
96
85
77
86
73
98
63
44
80
64
70
73
70
69
63
74
68
68
70
67
88
70
73
68
74
80
82
69
79
68
72
68
71
72
79
77
66
99
56
113
131
163
108
56
83
90
64
82
76
64
77
69
71
74
76
67
75
78
69
66
81
74
70
88
60
62
68
73
71
88
59
75
71
80
67
71
62
69
65
73
68
65
68
64
65
83
70
73
70
69
64
76
72
73
77
65
76
68
71
78
74
63
77
85
80
57
71
71
77
93
70
80
78
82
84
55
67
79
72
72
92
68
66
73
102
71
66
74
66
66
79
64
70
66
66
78
76
76
75
79
57
73
65
69
67
71
70
66
70
66
64
83
66
67
65
76
68
62
75
71
172
79
69
70
69
69
68
65
76
66
66
72
66
69
66
74
71
67
67
66
70
70
72
75
67
66
70
65
70
69
74
70
65
70
67
78
66
72
68
67
74
69
81
65
74
63
68
81
74
67
68
74
65
80
67
70
82
68
66
72
75
87
88
65
122
46
46
91
165
77
49
74
90
54
102
113
109
77
108
91
126
59
83
107
108
134
92
52
83
78
69
68
71
74
83
64
68
83
72
79
77
64
84
74
68
75
60
75
71
73
68
75
67
77
71
75
72
90
83
65
69
69
79
85
79
66
76
83
67
75
65
76
75
66
76
77
67
83
59
77
67
65
73
63
76
67
76
61
69
72
84
66
68
77
62
68
71
68
63
91
60
76
71
46
61
41
68
46
61
52
50
34
48
48
48
44
56
48
47
41
61
54
47
53
56
62
44
59
66
88
50
54
59
45
56
51
45
43
44
44
47
41
47
49
51
48
39
46
41
45
46
44
41
43
43
46
50
50
40
60
50
41
56
43
45
41
46
44
53
46
44
42
44
46
44
47
48
40
44
51
41
47
43
41
42
49
43
47
42
45
44
41
55
46
39
48
49
45
44
46
47
59
51
47
39
43
43
43
45
47
39
43
48
37
52
42
50
63
40
48
35
48
43
45
46
40
44
41
48
42
42
48
47
42
43
43
48
42
40
42
45
45
44
45
41
50
46
40
45
39
43
50
43
49
43
43
50
63
41
46
53
42
46
47
40
52
66
71
38
75
104
113
119
63
42
74
49
64
51
44
50
51
51
51
41
48
67
52
40
42
52
48
62
55
42
53
50
40
52
41
50
42
47
44
47
45
46
47
43
59
53
46
41
51
50
47
50
51
46
48
54
52
62
59
85
70
50
60
46
58
48
38
58
42
52
70
50
44
41
50
56
53
52
57
44
102
87
112
107
93
90
44
45
60
45
41
46
49
47
47
44
42
51
48
50
40
44
48
54
56
41
45
45
46
49
43
45
47
50
45
42
44
43
53
43
45
44
48
43
49
46
52
37
44
46
40
67
47
49
45
47
46
39
41
45
52
48
48
51
42
45
44
57
50
46
48
42
45
46
39
43
43
60
42
42
43
44
40
46
50
45
39
43
58
45
50
41
52
38
55
46
47
48
47
44
47
39
44
43
39
44
59
41
46
45
49
48
43
44
39
56
40
45
50
41
42
46
46
46
52
46
40
45
44
45
50
51
41
47
41
51
43
43
49
40
42
48
44
41
47
42
42
44
42
46
47
46
43
47
45
44
57
36
42
45
45
45
44
41
43
41
46
41
48
47
56
49
41
52
50
39
45
46
44
47
42
42
40
45
41
41
51
43
47
44
49
43
44
43
44
41
48
44
49
48
50
48
43
53
43
37
46
71
48
53
50
45
41
48
38
56
46
47
45
45
42
44
42
44
46
43
51
42
51
64
66
76
92
121
38
51
52
62
50
58
58
54
56
46
57
39
43
43
50
53
43
53
50
59
45
41
46
56
38
43
47
56
39
53
48
47
44
44
44
50
46
47
49
42
69
40
53
57
41
47
51
50
48
61
47
47
54
44
46
47
75
99
124
87
112
66
38
86
46
51
47
52
66
57
51
45
49
57
48
42
45
44
43
49
46
58
42
50
51
43
46
39
58
43
48
49
44
53
45
43
46
44
49
45
58
46
50
43
52
78
36
51
43
50
40
50
43
49
51
49
58
49
43
42
62
54
43
47
45
39
45
51
39
48
43
44
45
43
44
41
45
54
47
44
44
46
45
38
43
46
42
44
57
40
45
50
51
43
58
39
48
41
43
41
44
43
40
43
49
46
51
40
48
43
44
50
48
46
45
43
44
51
52
39
43
51
45
42
48
43
44
41
46
42
43
45
45
43
41
48
40
42
45
44
41
44
42
57
58
44
42
58
42
43
51
37
44
43
56
34
59
48
48
45
40
44
40
46
41
47
48
38
47
46
43
63
38
46
40
44
39
47
44
42
45
40
51
46
39
48
44
41
43
46
47
47
39
45
42
48
46
41
41
45
46
58
36
45
41
44
45
49
39
41
42
46
43
47
43
42
40
41
45
54
43
41
36
40
40
39
37
35
37
37
40
36
37
35
39
38
43
35
40
36
37
39
39
38
38
37
34
37
37
41
40
38
37
37
38
36
35
36
37
39
38
42
41
38
37
48
43
37
40
63
35
37
46
38
37
37
36
37
36
38
37
37
37
37
37
37
36
36
38
33
35
37
61
37
36
39
39
37
37
36
35
36
39
36
35
42
37
47
43
41
42
65
56
37
38
37
43
49
39
43
38
37
37
38
39
44
40
38
63
39
40
39
37
38
38
43
60
81
50
39
39
42
42
39
38
46
36
37
38
35
41
34
40
37
51
41
46
39
40
42
38
74
57
35
42
37
39
40
38
38
44
38
39
40
37
42
40
35
46
38
36
37
43
39
39
41
41
56
37
38
42
37
37
37
41
39
36
37
39
38
37
37
36
36
37
55
37
40
38
38
37
37
37
37
38
37
38
37
36
34
36
37
38
36
37
37
36
38
36
36
35
36
37
37
37
36
36
33
37
37
37
38
36
39
36
35
35
37
37
37
36
37
36
37
37
37
35
37
46
37
35
37
44
36
37
36
37
37
37
35
35
41
51
38
38
47
44
38
41
36
38
38
41
39
37
34
38
37
37
39
44
39
37
38
37
37
34
34
38
37
37
37
38
38
35
38
34
36
37
37
38
37
36
36
37
35
35
34
39
36
36
35
36
35
37
37
38
37
40
37
35
38
35
38
40
37
37
37
37
37
38
42
38
37
39
36
37
37
36
33
38
37
37
37
35
35
34
36
38
36
36
37
36
36
38
35
39
37
37
37
37
75
58
45
40
36
38
39
39
35
36
35
36
36
38
34
36
37
41
43
37
36
37
37
38
35
36
35
38
35
37
37
35
35
34
39
37
37
40
36
37
37
37
35
38
38
37
37
36
37
37
37
36
38
35
37
36
37
37
36
37
37
36
39
35
33
36
38
40
38
38
37
36
37
38
35
37
35
38
43
35
36
39
40
38
50
41
42
35
37
39
37
38
44
36
35
39
35
41
48
42
40
39
46
36
36
36
46
41
36
39
35
39
54
47
40
39
41
38
38
39
38
40
36
36
37
34
37
37
37
38
39
39
39
38
38
45
38
36
35
38
38
38
38
38
39
36
36
38
50
47
44
37
52
44
39
42
42
35
59
47
38
43
39
67
40
39
39
40
38
39
42
40
56
42
34
37
37
36
67
42
39
39
38
42
38
47
62
39
39
36
37
39
35
37
34
41
41
35
39
38
58
37
37
37
38
35
38
37
37
37
37
37
39
37
35
38
35
41
52
40
38
37
37
37
36
38
34
35
33
36
