740
275
249
250
713
47
380
88
55
117
394
356
134
296
51
132
347
320
67
290
276
315
138
134
139
38
232
166
174
285
620
898
184
297
59
113
56
138
55
45
86
336
152
244
1424
53
53
196
617
40
122
46
178
658
509
94
128
613
77
50
393
367
50
458
349
72
170
242
582
237
109
908
194
94
117
282
844
133
120
281
196
77
87
444
312
159
376
903
162
966
412
150
274
47
95
335
125
147
1118
357
219
46
206
101
260
276
83
664
166
677
298
62
156
47
458
61
234
747
118
130
335
575
38
186
841
51
1187
372
109
166
126
130
246
99
727
843
325
302
323
144
199
221
265
330
93
232
530
588
253
519
251
296
162
433
706
95
71
289
110
172
229
221
374
271
137
148
250
423
209
376
164
691
1323
289
230
86
267
272
372
264
35
395
57
89
355
484
276
225
192
229
96
686
204
321
500
614
460
325
372
52
152
372
250
263
221
559
428
310
717
63
606
106
539
47
183
1013
331
105
723
175
60
221
62
126
339
103
296
114
1034
92
124
84
458
441
385
397
427
384
1148
1093
358
227
157
264
167
168
1904
197
411
184
482
109
236
119
138
380
252
181
194
130
116
53
43
43
27
35
38
46
52
31
31
34
37
64
45
47
47
36
75
51
45
30
33
33
34
34
33
41
38
22
32
41
43
35
33
36
42
31
28
31
29
28
34
29
32
39
35
49
44
3469
50
38
38
31
30
30
29
40
31
25
38
29
32
28
31
32
33
33
41
43
33
55
35
32
34
36
35
38
35
27
44
37
31
30
28
38
30
39
28
27
27
26
26
28
32
41
616
157
114
122
362
153
105
84
89
128
408
96
187
142
101
108
58
26
38
32
86
37
35
38
41
29
43
32
30
35
34
30
31
30
30
45
32
31
35
28
30
35
34
33
29
24
30
25
25
66
66
56
52
50
32
42
47
1082
88
91
248
156
95
172
276
136
126
114
289
61
45
36
33
32
32
29
36
27
29
46
35
38
26
36
32
32
35
33
36
36
40
34
42
40
34
31
68
39
36
38
33
34
58
104
48
33
43
32
30
40
29
35
32
39
36
100
145
49
103
68
44
52
120
173
131
176
147
340
171
150
200
141
79
372
145
86
96
37
38
30
32
68
49
45
51
41
30
31
36
47
104
78
60
70
49
63
180
161
102
231
163
142
174
133
51
271
164
197
79
214
151
133
111
168
109
29
26
40
29
26
36
32
49
32
36
30
39
34
31
29
27
29
33
33
33
32
83
54
76
80
74
62
40
49
51
54
45
117
48
72
64
95
31
144
48
198
71
224
176
330
173
139
73
248
172
265
84
44
34
36
35
31
37
37
32
30
35
32
26
52
28
32
36
58
59
61
118
54
54
57
60
147
59
520
108
97
72
46
80
103
55
192
252
102
107
110
55
306
147
98
99
80
176
77
40
39
31
34
28
31
35
29
33
34
41
32
36
33
35
38
29
39
32
37
26
32
37
30
27
38
32
29
33
37
36
40
105
58
86
54
41
34
43
38
70
290
158
138
62
298
170
344
203
342
177
167
86
231
245
62
55
41
40
41
32
74
72
90
65
207
90
317
439
121
79
318
206
169
362
696
233
366
46
801
412
130
109
607
93
98
55
78
578
275
551
43
134
67
2126
165
145
495
510
122
252
591
81
163
309
148
138
57
655
593
95
42
131
160
108
97
54
116
733
287
581
77
625
271
110
86
82
118
674
57
33
367
326
63
271
662
173
147
484
259
831
59
507
204
168
134
169
238
269
366
124
421
67
219
82
66
67
47
63
85
57
67
69
57
81
3153
2884
43
32
35
82
31
35
41
44
46
41
50
39
36
35
32
32
28
28
46
37
34
28
43
54
482
69
964
277
116
103
178
111
138
76
143
87
174
91
93
39
31
33
134
58
60
96
54
65
47
44
46
2470
40
42
45
31
36
44
36
33
34
61
50
43
66
64
65
88
35
2410
143
70
48
71
63
67
79
2652
33
42
44
46
38
68
37
58
58
69
49
70
70
2578
49
73
94
63
78
120
75
45
57
59
36
61
55
125
104
41
78
109
71
75
50
105
59
76
107
132
173
58
168
63
69
122
150
104
30
30
47
36
41
44
40
45
54
66
56
58
99
51
100
98
732
146
711
831
405
297
382
475
369
98
355
97
157
357
883
178
308
769
70
122
618
591
76
71
115
514
407
407
272
32
120
84
64
55
61
45
66
64
65
77
116
100
27
65
72
169
63
138
85
81
93
78
208
86
89
96
145
99
59
174
118
101
68
48
40
47
36
42
38
64
36
47
45
64
44
64
2344
51
48
88
55
53
58
69
60
58
272
145
165
83
70
24
77
140
68
114
47
75
111
106
136
38
104
135
134
70
95
80
31
74
97
59
33
37
32
36
90
61
44
53
61
39
55
2352
2296
64
69
89
44
41
31
33
29
45
88
45
39
84
64
60
120
72
39
44
36
37
76
50
1652
90
210
187
143
210
219
113
67
27
30
35
33
129
100
84
66
63
61
54
70
75
64
75
77
57
57
82
110
213
584
853
151
226
39
157
310
90
360
301
303
621
59
391
238
3193
238
291
188
254
65
166
111
292
274
262
427
127
106
184
321
261
218
350
895
219
169
77
80
50
497
449
144
294
536
104
39
363
113
205
182
608
99
65
88
75
79
61
91
73
63
72
67
53
75
88
61
76
66
118
60
64
52
66
36
46
135
40
629
382
134
39
320
395
367
140
359
230
389
1015
396
59
504
117
312
137
400
127
469
325
87
565
532
138
72
587
386
800
81
365
590
427
196
275
360
236
374
157
147
113
105
129
128
119
115
70
86
52
43
43
35
938
708
1201
306
74
1249
76
2036
634
147
149
138
136
142
90
157
108
90
107
69
123
48
53
37
52
37
43
35
30
46
35
39
33
36
35
30
31
29
44
35
31
29
37
41
37
33
29
29
38
29
184
35
40
44
29
39
29
522
139
896
102
497
2371
81
72
86
53
74
78
93
59
71
58
55
132
98
95
132
1276
816
317
1528
93
100
285
225
707
535
506
54
280
119
59
990
135
92
410
193
892
40
335
81
64
998
71
189
166
651
79
247
506
521
62
58
234
89
470
249
129
279
232
64
85
294
109
525
216
110
125
87
45
67
51
62
78
60
136
2359
63
56
58
74
2303
34
30
42
31
37
43
45
83
50
68
64
61
59
139
87
40
35
39
90
37
39
27
34
55
29
61
67
75
51
345
397
204
131
254
117
140
140
150
140
39
125
37
124
186
120
94
116
64
33
45
37
45
44
42
43
43
41
36
32
43
82
63
700
32
109
64
257
257
171
572
354
137
315
51
569
465
312
290
216
503
528
473
221
90
342
469
47
70
109
243
265
917
142
248
230
271
116
336
39
112
236
178
163
96
73
57
72
52
67
710
795
107
84
64
61
350
58
73
579
56
183
406
584
261
226
438
735
431
73
547
375
240
261
651
83
5797
813
139
529
579
74
605
204
89
275
127
98
76
116
57
56
61
53
57
66
58
403
53
99
620
613
48
348
95
237
426
555
147
489
45
114
123
294
680
68
1259
452
507
157
617
557
55
201
166
539
297
283
136
46
935
497
121
256
741
66
42
234
83
531
324
1179
640
287
586
470
332
819
507
68
176
88
69
90
75
67
78
72
399
317
508
1600
135
53
488
894
618
173
564
91
307
419
695
341
571
102
106
75
83
78
64
52
77
74
95
55
70
81
88
55
70
257
208
741
40
261
473
1149
334
762
412
303
967
273
185
335
184
150
95
261
61
90
154
269
1521
50
145
181
68
151
329
449
173
293
63
148
911
49
71
140
185
419
159
111
111
659
176
670
287
537
72
82
112
145
86
55
96
114
81
77
57
81
82
59
60
65
75
62
42
60
60
52
46
45
146
644
522
153
291
344
323
389
818
160
488
166
88
241
797
105
613
125
134
88
120
145
162
71
82
54
86
59
106
81
68
127
730
92
434
109
749
138
310
193
698
594
97
178
129
81
63
42
56
59
60
76
63
92
220
619
444
73
119
357
390
58
608
285
298
150
425
569
205
197
64
60
58
57
61
96
80
49
65
121
799
122
605
82
51
346
279
92
134
447
552
537
320
580
296
494
813
134
740
870
224
276
500
1699
68
70
91
92
129
905
107
233
226
211
78
411
242
149
338
142
350
396
421
327
440
314
68
957
46
201
170
862
271
207
397
786
250
335
147
540
142
548
71
435
96
547
470
277
385
200
352
691
212
49
256
95
55
247
955
448
581
136
713
406
152
127
153
695
92
245
148
119
591
81
181
160
47
191
1478
391
78
302
63
145
239
434
257
150
86
401
240
624
102
361
399
786
486
319
84
134
180
88
71
215
160
179
125
786
213
43
134
339
73
367
260
151
92
336
182
195
95
246
335
51
120
380
57
360
75
67
54
69
128
212
212
80
471
112
146
137
110
52
405
585
395
243
233
111
431
124
101
875
279
392
45
166
317
88
76
123
246
264
765
123
195
466
91
298
264
571
100
356
701
1028
87
183
74
303
190
58
89
49
1134
115
190
59
492
303
196
424
498
130
395
501
915
70
55
717
467
110
237
61
482
140
95
161
608
179
45
171
122
463
262
67
663
130
186
80
203
100
78
376
342
938
66
60
77
53
66
91
85
481
531
176
123
167
487
41
211
356
74
366
104
132
332
229
267
177
291
87
278
506
205
508
286
112
372
137
132
478
123
280
151
92
225
73
92
96
86
146
137
92
645
46
553
254
767
186
42
105
273
309
431
1270
247
61
93
67
58
57
37
96
89
6689
601
51
282
275
749
238
161
54
1815
123
127
85
51
89
65
82
108
220
1068
1381
1016
156
36
141
229
387
162
473
158
167
227
122
315
99
117
47
50
33
49
41
23
51
46
48
42
48
31
31
38
36
29
27
72
42
42
37
42
43
97
41
46
114
31
38
34
33
77
39
30
32
31
34
31
37
38
34
34
32
44
44
49
39
47
2146
274
90
253
140
86
42
29
42
43
32
42
38
30
34
34
39
42
33
28
30
41
41
38
33
44
33
30
35
36
39
33
34
39
33
32
43
33
33
35
32
33
38
26
50
39
45
36
1167
107
301
93
268
204
275
177
229
271
57
41
33
32
29
53
48
28
49
48
44
39
34
36
38
39
38
37
39
39
35
40
34
38
29
31
30
36
30
29
28
33
36
32
29
22
38
27
29
29
25
34
36
47
32
39
2306
73
243
89
30
72
45
55
33
37
42
35
53
44
52
339
351
75
629
356
734
650
327
515
159
202
100
172
60
593
255
243
155
47
87
75
70
61
69
45
77
70
136
108
84
79
65
367
385
549
1636
190
845
441
424
192
248
34
609
90
71
74
105
61
54
73
95
67
123
88
60
315
173
445
175
272
144
232
136
318
291
87
467
552
211
577
66
449
445
83
575
269
399
56
448
99
105
573
263
167
38
299
45
112
272
336
68
809
119
149
589
527
838
602
257
354
230
500
138
63
124
99
684
301
77
391
231
117
542
660
248
47
212
162
691
77
532
52
769
117
51
114
131
129
50
228
168
304
178
83
128
86
141
208
80
139
879
70
70
1419
410
635
254
232
525
124
65
63
76
52
41
58
65
60
65
44
57
79
87
59
67
107
76
155
781
126
54
211
82
286
464
49
242
1010
505
112
486
84
74
376
231
435
81
56
89
84
54
57
97
400
435
187
113
199
163
227
60
218
100
175
264
161
186
89
109
107
102
56
145
43
41
34
32
47
104
104
90
91
124
1249
47
119
43
38
60
75
59
65
63
54
41
59
91
51
58
107
67
125
52
107
30
36
34
31
85
33
32
133
59
69
47
72
63
74
2458
32
32
42
41
38
36
65
38
52
34
42
59
47
108
88
33
53
38
72
49
25
39
108
66
81
110
46
71
42
68
65
130
63
106
48
49
65
35
56
64
79
111
95
75
69
66
90
49
42
98
78
44
33
30
31
29
27
37
49
32
31
33
38
29
58
53
69
54
51
69
37
54
115
243
41
35
71
31
28
30
34
25
41
19
42
30
22
24
37
32
32
38
96
32
29
28
41
35
51
34
32
37
25
29
44
47
60
32
31
40
62
28
38
35
35
36
23
99
31
27
29
30
36
25
26
34
48
27
31
37
128
112
54
73
96
42
25
38
30
47
28
30
28
73
180
39
39
55
36
124
41
70
35
41
75
35
31
51
2312
122
61
54
63
76
71
63
2749
111
56
64
60
45
113
100
51
54
89
58
93
111
98
116
180
155
52
280
67
75
148
116
132
388
103
362
216
282
860
119
69
479
206
248
72
255
123
217
588
91
184
60
149
200
482
328
102
419
365
404
105
262
83
93
300
235
217
1773
33
39
31
40
34
47
76
54
64
74
105
226
86
58
91
142
95
176
68
47
158
200
65
122
107
92
59
214
255
174
207
589
58
380
112
164
221
65
92
523
61
67
170
284
148
317
347
43
59
862
150
859
137
641
561
136
205
107
214
645
73
242
200
133
160
433
133
490
406
164
543
149
73
342
263
482
246
458
106
240
139
177
666
88
243
425
430
80
244
356
296
386
93
364
123
128
75
91
114
53
102
65
79
96
99
50
149
157
67924
64
321
75
91
785
405
74
194
127
520
493
157
44
59
106
137
383
544
56
36
337
131
433
447
513
155
112
149
67
58
506
150
111
1110
118
205
239
190
54
75
81
99
70
55
54
78
53
55
53
108
315
205
106
260
379
283
274
161
238
242
123
493
142
415
315
85
318
107
596
72
115
262
258
270
427
131
60
60
76
38
116
238
111
335
206
93
768
172
723
776
469
67
106
126
79
67
159
243
78
28
471
147
208
331
69
289
341
397
53
93
179
219
81
247
253
86
78
64
57
59
128
309
99
149
32
56
261
2524
101
83
47
59
70
65
78
81
81
51
55
43
111
338
376
82
136
258
287
311
57
648
250
111
118
468
723
281
174
376
71
228
47
109
306
367
268
163
77
79
63
61
55
57
68
1050
399
406
80
555
242
72
174
136
133
380
60
58
69
67
60
75
84
62
67
58
65
80
108
1262
364
432
415
193
405
123
270
124
110
67
73
71
73
62
66
1252
1763
538
80
79
76
75
65
113
194
532
353
117
461
51
638
565
440
51
204
77
61
82
63
47
62
52
69
89
76
2541
90
81
276
308
338
314
197
68
62
68
83
85
61
70
55
80
151
135
116
111
116
60
41
2676
814
697
123
83
154
303
57
68
65
48
74
51
68
87
64
85
57
55
65
51
61
71
48
45
69
535
76
103
91
120
208
84
70
246
146
90
679
202
209
327
575
683
150
967
158
433
108
203
115
101
136
121
151
162
51
48
52
60
30
34
36
49
52
40
76
50
37
50
30
26
38
33
32
29
26
32
39
31
32
32
50
30
1204
148
256
348
305
587
461
605
329
551
449
187
91
93
105
75
65
73
64
93
53
75
59
145
32
98
313
781
105
94
421
251
283
489
808
219
127
755
694
316
726
209
1904
170
117
68
382
262
254
799
680
248
643
92
62
431
135
81
72
166
202
76
104
244
406
628
191
409
175
687
689
178
273
163
80
114
65
70
52
58
136
115
86
130
86
76
71
90
8117
110
154
123
76
64
112
67
76
124
1749
203
1653
168
83
32
39
35
39
29
31
29
33
28
29
32
68
45
36
47
84
63
35
30
29
37
56
63
57
53
33
37
33
44
29
39
30
30
32
33
29
26
44
42
36
34
46
44
29
33
32
37
131
100
160
72
103
143
140
128
68
115
164
109
200
198
179
237
104
62
200
154
56
58
34
33
29
27
28
33
38
30
25
24
38
35
29
30
30
32
31
31
74
50
56
75
59
51
37
46
52
148
2849
62
43
36
31
42
50
82
69
55
61
58
58
63
70
51
69
61
56
554
96
438
54
238
424
737
321
126
593
464
50
391
152
162
43
111
65
64
54
60
68
61
131
71
56
109
284
58
273
308
132
142
864
161
164
108
59
513
261
229
276
225
226
333
215
55
51
738
292
701
258
326
882
266
230
68
539
290
266
886
230
60
48
285
210
62
436
575
271
168
107
86
67
133
92
408
235
50
119
51
473
69
66
33
302
523
72
284
79
256
494
403
235
384
391
264
120
220
129
93
62
125
127
124
16766
43
2532
97
56
95
70
91
68
125
122
66
61
34
53
65
33
53
51
45
67
51
47
83
68
87
33
44
55
52
41
35
20
27
59
41
46
63
24
69
69
39
34
56
61
57
72
21
74
91
91
46
53
57
78
42
61
25
30
56
263
123
67
63
124
82
134
2964
39
47
43
78
36
48
73
63
95
137
235
176
93
100
65
66
223
241
146
228
66
322
135
158
196
260
34
365
74
61
167
106
243
67
64
207
89
131
175
40
109
173
47
125
118
259
91
39
192
231
92
74
105
237
115
83
120
156
53
239
78
305
147
57
102
98
56
309
215
200
151
61
116
118
323
195
59
124
60
46
102
120
55
167
70
76
51
234
55
204
61
105
41
99
316
94
39
114
87
53
98
164
44
139
58
60
55
44
117
136
229
79
108
51
61
166
55
68
172
62
150
54
124
46
106
31
70
114
365
80
163
49
45
152
177
257
189
391
364
198
254
151
233
33
215
316
95
35
181
205
172
217
71
119
311
82
252
231
61
99
65
71
111
179
167
612
53
88
47
99
245
208
564
142
206
129
31
174
59
189
48
179
123
188
254
47
112
69
34
200
125
124
176
278
180
52
193
122
326
133
92
37
118
115
268
44
152
109
104
83
305
164
35
206
34
282
91
306
181
100
58
232
50
177
78
162
216
60
165
162
376
125
83
131
80
186
65
155
71
93
78
76
543
274
60
260
151
46
49
216
149
93
74
281
110
71
244
35
274
161
116
140
131
71
194
135
523
47
38
319
109
184
96
52
103
145
105
58
256
177
173
56
171
142
77
100
197
165
54
80
203
127
78
132
153
50
174
81
86
110
77
227
446
133
166
65
102
196
142
76
51
96
237
76
182
210
186
120
59
51
210
49
90
71
163
85
55
196
85
36
127
147
251
159
129
61
36
95
260
125
119
186
48
67
57
196
97
47
141
61
73
63
167
72
172
265
60
149
47
214
102
100
225
221
177
148
41
81
124
934
178
50
188
97
217
40
113
94
65
47
182
360
74
98
62
31
76
45
66
50
30
42
47
90
35
65
51
69
63
42
47
70
44
94
33
31
41
41
39
34
76
78
36
38
40
59
44
37
61
53
57
45
64
23
26
37
36
29
53
568
154
138
106
39
132
244
205
248
136
224
84
65
53
49
39
49
36
41
84
155
125
151
74
252
194
78
83
69
31
39
121
179
77
90
74
78
147
87
106
61
139
88
113
323
494
72
68
51
55
60
2110
46
38
40
77
68
76
86
94
93
1469
166
91
146
69
182
101
141
63
55
56
40
51
153
73
63
63
62
164
163
238
46
29
32
901
44
152
72
83
63
126
44
134
111
126
30
80
80
114
64
196
160
147
95
129
119
203
90
77
51
72
88
53
73
107
59
64
67
61
97
71
68
134
786
852
177
496
1049
111
104
88
87
79
94
59
93
90
76
97
77
4132
343
339
182
533
115
294
138
223
225
64
130
42
99
190
194
223
268
135
64
97
69
42
66
94
61
60
357
95
1684
502
158
320
127
244
58
65
67
101
60
48
63
72
58
63
65
60
88
143
130
135
92
76
49
134
57
96
247
1230
48
609
524
119
64
95
61
71
59
77
66
73
58
72
85
1364
253
189
61
99
51
60
238
53
77
163
82
382
248
137
96
113
61
64
65
65
73
64
129
739
1773
141
898
92
160
194
164
248
255
47
105
157
157
303
52
659
543
675
77
68
59
86
61
79
94
85
52
79
119
284
236
1804
293
365
193
62
219
79
45
58
56
56
60
63
62
65
46
103
910
123
513
99
247
179
114
104
61
119
603
371
66
74
141
235
295
46
377
274
859
196
49
440
63
487
113
77
78
60
85
61
55
61
47
81
49
3644
87
123
62
61
44
80
69
57
69
65
111
192
330
1419
124
41
749
333
142
89
47
58
93
105
74
83
73
89
126
237
239
2725
104
185
114
66
75
66
64
48
40
64
66
68
66
73
150
119
74
143
205
437
319
191
67
184
108
193
328
160
192
154
453
332
110
136
87
96
170
95
70
49
67
101
94
122
244
120
121
365
123
89
293
98
321
142
135
228
273
77
170
343
128
82
144
101
60
60
238
103
77
34
70
63
70
46
60
64
64
46
39
72
68
86
67
118
403
236
172
432
287
780
98
63
180
595
70
206
74
65
63
59
70
108
232
206
2222
168
646
48
88
64
857
324
252
265
1379
105
95
89
64
60
64
73
76
77
117
212
145
160
256
64
165
262
264
157
319
246
116
573
133
472
131
75
63
72
68
58
94
57
44
139
175
121
94
133
420
265
284
220
83
410
90
173
357
150
516
107
100
58
3537
75
61
83
64
93
64
102
76
65
454
109
124
265
29
474
771
254
118
67
362
233
324
81
59
70
38
47
58
63
66
60
65
46
69
68
3587
92
71
44
72
82
68
131
213
116
335
188
2564
67
66
67
66
64
64
60
2142
722
133
353
111
59
161
127
325
214
65
300
69
259
211
155
1443
518
91
95
116
76
114
134
61
89
102
71
153
84
94
56
57
116
217
99
52
71
205
231
134
210
99
127
233
449
80
362
222
421
57
89
246
372
86
310
70
492
89
165
252
108
730
616
99
115
119
456
58
557
67
244
98
627
311
53
157
494
249
164
219
184
573
98
72
221
444
1224
123
50
235
106
636
181
77
486
441
218
84
66
191
314
156
76
215
169
67
248
346
89
280
125
1718
644
426
204
162
139
319
396
100
230
180
199
178
552
79
345
53
341
258
555
222
206
292
231
381
86
138
200
69
148
647
183
214
207
465
296
185
471
500
104
64
57
98
49
46
85
90
120
532
113
572
414
476
302
147
333
97
458
226
386
134
152
90
167
149
139
238
96
327
408
192
188
381
269
529
40
221
69
113
49
569
307
473
118
309
653
246
282
577
35
125
207
52
173
414
342
248
644
425
142
172
550
367
74
144
67
135
478
186
470
219
137
521
151
622
302
131
421
220
346
77
262
449
688
204
499
108
353
288
179
87
545
50
274
181
371
76
153
749
66
250
1089
310
127
48
162
54
335
219
76
67
478
215
51
383
57
68
55
53
14274
3042
133
2544
161
68
56
101
75
869
81
84
137
78
117
128
99
133
155
89
107
123
79
46
38
36
38
31
29
125
87
111
134
2471
190
55
140
129
2570
54
35
76
52
645
7327
88
59
63
69
139
2654
70
55
67
75
71
128
2365
63
87
87
80
135
235
182
81
46
75
96
44
107
32
45
42
47
38
69
59
60
120
92
106
119
128
87
86
86
97
106
144
112
62
42
41
35
36
67
51
110
113
2485
30
36
34
36
56
57
37
47
107
120
79
36
59
42
54
43
63
37
45
45
54
61
31
40
45
39
41
46
36
39
47
45
42
52
41
44
41
67
28
62
49
33
52
46
51
144
121
57
154
133
78
60
76
41
44
36
38
61
33
57
33
35
51
47
33
54
37
36
64
256
213
168
117
117
116
132
219
131
127
113
119
128
81
43
49
72
36
49
59
47
87
2590
135
47
70
67
106
71
45
53
51
63
64
92
51
56
59
72
161
123
122
94
88
82
65
181
131
81
134
174
51
37
35
35
46
39
51
45
70
84
87
2183
369
97
106
39
27
36
68
53
51
116
3669
56
38
36
43
36
35
53
3334
34
56
36
28
45
40
26
37
35
120
3214
3277
43
47
40
92
126
203
225
186
351
142
129
112
128
50
373
151
67
417
79
225
51
267
30
328
192
99
59
261
397
63
52
59
61
50
58
56
37
29
44
40
48
2600
491
868
127
417
114
669
1608
201
598
112
148
83
145
110
145
246
120
694
201
1291
355
475
179
774
146
416
288
175
166
369
440
1460
128
112
723
170
115
1098
1858
132
101
182
1113
124
2075
119
87
141
110
60
60
57
51
35
87
83
113
98
51
108
61
70
47
58
110
99
94
59
77
42
82
51
58
74
71
47
64
86
54
255
149
113
49
35
33
72
110
130
178
176
85
142
139
320
296
110
60
446
178
303
244
234
979
142
131
122
240
131
99
180
245
100
526
363
222
133
473
1401
819
99
84
88
224
650
525
722
718
152
146
1206
534
154
1132
1945
122
128
95
2624
77
1698
137
125
191
192
332
299
91
700
263
152
550
545
200
111
116
197
241
121
39
122
378
2332
2579
42
58
55
47
37
44
101
39
64
2146
36
68
88
46
65
37
27
40
33
34
41
55
43
30
34
29
41
30
38
50
28
28
28
28
28
30
36
28
124
3108
30
37
33
51
64
55
101
75
47
44
102
85
131
136
229
353
538
65
125
195
144
56
302
44
87
453
53
167
81
116
38
66
34
42
41
43
42
42
45
107
2287
621
27
266
46
40
38
46
28
43
157
2023
71
31
33
51
32
53
56
58
50
107
2168
33
30
38
33
35
28
36
41
67
107
2152
37
24
86
37
61
39
43
48
42
111
2211
38
25
28
31
43
40
31
46
36
49
29
38
45
37
35
32
99
2063
56
52
72
37
31
38
51
33
53
2356
107
43
34
34
47
29
29
36
39
76
46
2332
28
31
28
29
38
31
53
55
42
51
70
2028
44
55
33
2240
33
35
54
53
33
66
59
42
91
17581
99
45
98
52
96
56
93
47
55
36
85
83
71
109
41
34
39
72
52
33
27
44
83
73
114
68
59
103
780
51
223
51
117
361
328
121
458
91
241
129
108
181
205
236
311
302
213
100
85
261
39
90
442
217
302
227
428
234
164
124
40
80
508
123
266
159
56
102
72
213
477
311
164
193
66
266
352
96
91
122
381
44
62
201
390
44
54
566
87
196
253
64
129
142
241
246
256
163
193
94
117
85
402
135
132
68
73
37
157
57
179
355
103
185
365
159
260
771
477
169
232
144
83
76
41
67
65
44
46
36
26
40
54
78
99
45
71
76
73
37
69
42
41
88
75
42
56
72
60
55
59
32
68
52
57
77
50
60
94
80
86
47
82
47
32
27
66
47
49
48
59
481
75
183
99
540
32
115
97
299
285
131
43
138
196
110
70
342
158
364
172
153
50
84
143
34
382
166
140
55
303
264
477
53
233
290
45
187
271
76
108
204
243
107
135
554
400
581
67
84
111
141
351
65
153
101
42
314
102
126
69
255
276
108
95
73
45
257
204
331
100
261
83
88
76
137
221
327
350
496
114
221
142
141
108
183
68
262
389
52
60
375
194
72
74
156
182
87
321
89
761
58
112
166
117
99
51
67
53
84
82
53
88
96
122
26
67
55
40
77
71
95
39
81
36
44
70
40
43
79
117
73
53
86
45
31
59
47
67
61
28
60
69
37
29
54
47
41
44
57
328
75
50
31
69
45
52
41
47
59
47
50
58
57
80
86
84
47
25
29
72
86
63
72
77
59
65
81
46
55
34
108
47
57
49
79
54
70
24
63
83
74
74
26
86
49
29
45
48
30
35
31
49
44
55
36
32
42
71
128
195
68
74
111
195
170
73
75
149
88
198
167
184
68
119
76
49
42
38
36
54
45
49
57
450
63
89
111
73
97
79
116
127
43
71
116
52
106
67
113
142
63
42
103
50
117
77
48
51
28
34
87
101
2491
35
40
69
43
117
205
135
164
58
118
223
227
89
114
91
166
97
164
65
40
35
58
48
63
58
48
112
77
65
47
60
27
32
47
35
47
32
28
67
30
31
49
50
37
42
45
23
33
30
39
45
46
53
45
47
28
27
52
35
33
36
25
47
58
29
29
67
31
28
47
32
25
70
55
26
28
45
28
25
34
49
51
32
56
59
37
56
33
33
51
34
20
48
49
32
55
34
31
30
34
59
98
48
42
60
40
50
56
44
52
57
83
82
63
127
86
122
53
115
35
72
35
36
102
47
126
79
134
52
130
91
73
172
29
57
48
60
114
39
68
110
48
84
41
42
71
56
57
47
59
1540
42
305
334
87
99
127
279
107
66
204
124
77
132
256
104
170
210
239
84
28
64
99
30
43
62
54
74
41
74
79
27
90
81
81
26
63
105
34
59
64
62
93
91
81
103
46
79
115
58
25
56
94
74
96
76
41
45
61
37
59
65
196
123
125
275
74
132
222
169
118
389
72
167
123
496
115
94
401
191
195
236
476
157
208
200
117
112
256
62
256
259
762
608
77
133
233
58
52
56
469
91
117
356
335
105
387
85
263
105
72
301
111
171
117
166
244
292
160
126
77
44
404
100
464
425
667
166
125
33
34
73
48
83
88
84
111
45
48
70
41
84
92
82
98
52
98
41
95
57
83
46
115
40
79
48
76
47
53
55
38
63
34
126
39
85
81
69
37
33
37
55
40
50
72
2443
30
37
36
61
71
190
33
74
58
62
90
81
82
53
76
25
64
52
57
106
63
104
64
57
42
54
24
67
60
111
54
110
105
67
115
51
45
113
104
44
40
51
36
30
72
33
56
50
57
89
6199
1371
108
72
71
49
47
70
50
37
85
47
340
1682
36
47
50
44
29
36
41
46
32
32
31
35
46
31
53
2364
36
51
36
36
55
1261
1375
1255
121
150
53
38
30
26
33
57
108
54
2040
35
65
50
36
50
37
36
72
2151
38
34
28
26
38
39
56
460
1511
36
72
81
27
148
1316
610
70
30
50
41
34
43
45
23
39
29
49
2146
46
41
50
25
30
48
34
35
44
59
144
3080
152
63
51
77
48
54
101
353
95
819
493
41
60
42
56
50
37
47
93
2097
47
53
39
40
40
33
53
98
2383
35
35
31
46
55
37
41
31
108
96
45
591
778
95
376
27
38
44
54
43
32
57
39
117
2156
33
32
31
31
34
51
35
2148
68
92
504
131
711
594
44
35
38
29
48
41
44
55
35
49
62
2082
35
30
26
28
29
25
27
30
29
33
36
43
37
31
39
39
35
39
27
32
101
140
1155
529
176
34
30
34
46
970
990
197
30
43
33
32
30
27
34
31
41
39
25
42
2157
33
30
36
25
33
31
28
27
34
30
27
39
56
78
128
869
117
761
30
36
37
38
33
29
36
46
29
57
41
34
32
38
1342
606
42
36
36
45
37
36
44
35
40
35
40
85
317
185
685
107
128
82
263
85
545
124
313
113
79
103
82
58
94
49
70
3227
36
42
40
51
37
38
38
87
64
119
178
111
225
65
629
93
61
218
375
39
115
39
132
160
127
252
47
284
39
37
34
39
36
43
33
38
45
34
38
32
106
462
395
203
901
94
150
150
120
165
109
99
82
155
180
75
93
54
57
64
118
3251
46
46
30
43
49
29
74
273
156
112
70
78
192
175
444
460
55
305
234
71
207
130
168
139
93
115
46
55
46
36
31
45
56
51
92
3281
47
39
29
34
38
37
50
38
95
161
52
105
47
374
112
631
42
91
92
460
270
299
84
113
105
273
225
45
59
49
39
49
59
69
53
25
109
3214
39
39
39
40
39
30
51
35
109
166
66
90
48
157
57
131
129
145
386
379
185
357
148
237
45
204
281
58
39
46
70
54
47
37
54
34
74
72
62
97
229
244
77
51
192
29
204
82
37
54
69
209
207
188
64
35
266
91
39
101
103
193
84
184
177
50
42
58
48
46
76
193
120
180
80
43
75
183
98
249
61
198
73
206
227
143
573
642
81
68
36
38
36
39
56
56
74
142
38
69
244
161
119
135
51
124
240
261
196
51
239
60
143
428
477
192
66
59
39
31
54
34
31
43
44
107
31
88
50
110
114
139
30
471
91
190
136
79
185
144
91
363
289
92
255
295
132
67
47
46
29
31
38
46
37
56
3305
50
136
81
316
74
147
66
63
29
32
30
48
990
271
192
666
279
364
55
321
149
43
32
30
34
54
52
59
244
1788
1199
417
273
1316
395
128
267
347
70
64
250
82
156
47
595
85
277
186
46
285
606
579
59
37
142
295
230
158
88
261
520
546
363
119
33
296
141
50
211
77
104
617
185
276
161
58
548
248
235
136
123
375
48
102
338
50
154
211
51
94
128
79
41
244
51
260
46
40
243
224
108
106
37
200
48
83
112
41
255
38
46
215
424
397
78
261
577
365
111
61
440
547
71
130
307
95
632
187
451
184
155
194
604
546
46
96
195
189
74
329
182
456
262
444
68
44
440
74
418
659
75
201
372
436
449
139
283
335
426
336
212
33
169
186
444
90
221
63
229
88
332
200
29
90
167
553
303
359
493
250
47
139
412
84
438
243
264
496
201
668
42
412
82
82
218
233
592
88
441
153
114
225
256
57
136
200
60
208
76
141
375
262
276
182
398
383
327
459
502
161
171
221
275
276
140
270
88
262
104
285
48
144
271
233
301
189
72
305
233
231
241
746
33
61
56
47
42
48
62
15455
72
47
68
43
3617
54
99
4666
35
53
51
56
47
96
109
39
54
44
42
66
59
52
44
48
48
41
40
65
79
57
28
60
43
41
72
52
28
31
43
35
69
76
43
49
70
54
48
52
65
76
39
50
76
84
36
66
54
57
38
22
33
53
158
34
33
59
34
65
2364
37
34
33
32
34
30
29
53
77
63
53
54
171
2586
579
131
132
81
237
177
94
106
194
159
239
261
192
198
64
206
41
55
173
32
67
181
66
173
118
84
74
49
151
203
131
171
110
176
29
32
42
35
44
38
29
62
69
46
26
51
28
58
31
29
34
62
31
30
24
48
60
32
44
39
26
62
70
52
26
28
28
53
39
58
39
30
44
44
57
38
41
33
49
49
55
35
29
63
40
71
66
33
29
33
25
33
26
26
26
31
30
34
1886
701
28
36
29
29
36
259
379
2214
2193
272
147
43
61
202
418
204
229
142
413
411
295
255
421
373
185
279
179
386
68
256
81
330
427
322
179
312
60
100
309
41
298
406
254
41
66
89
221
119
94
119
52
217
146
335
174
104
230
165
183
203
711
281
94
166
175
69
407
346
148
358
53
83
249
34
70
54
173
31
218
246
180
44
235
159
190
85
211
49
205
313
342
239
152
204
156
116
104
115
42
53
323
388
60
139
292
79
434
223
352
172
60
94
113
155
38
273
101
256
159
65
296
96
132
64
159
270
212
163
163
141
191
94
161
28
158
435
312
3871
147
63
65
32
57
67
912
61
34
161
65
102
99
136
536
226
124
245
70
334
230
67
50
40
90
155
565
483
138
48
109
88
799
342
265
250
54
93
49
44
64
60
68
145
132
65
110
189
138
188
104
256
200
193
42
142
143
173
57
102
203
59
231
189
96
183
156
104
192
112
216
102
153
236
43
206
235
741
85
91
277
86
615
771
235
222
207
496
31
61
124
187
141
169
173
154
106
192
256
140
76
53
54
66
50
271
75
354
157
505
21
60
88
27
169
117
574
173
166
120
565
138
138
28
72
91
153
263
55
31
181
423
82
105
261
56
69
114
141
71
571
175
55
133
641
535
92
134
238
159
343
202
288
576
39
177
557
754
455
91
131
144
526
96
291
76
443
261
84
138
33
943
173
260
142
160
295
143
122
174
99
203
66
268
157
72
81
713
187
145
869
186
52
219
1051
73
49
61
86
503
205
323
51
241
183
170
181
223
151
165
155
80
226
359
151
294
160
143
105
33
63
43
51
86
241
136
66
208
67
145
55
68
343
203
331
237
353
273
646
80
68
89
270
149
127
251
232
130
210
111
99
199
197
177
208
306
111
238
44
65
42
113
115
46
48
47
689
334
229
129
41
314
426
260
363
87
514
199
518
193
488
103
48
392
238
241
36
179
66
49
51
67
137
6699
269
49
212
224
204
130
237
247
120
225
223
113
73
96
95
177
313
376
321
133
207
140
259
218
50
163
26
242
30
510
185
64
287
398
192
98
341
298
255
155
121
137
281
394
64
201
751
192
40
61
69
67
90
16749
65
44
34
90
2174
2293
37
31
45
44
45
42
61
2345
47
79
62
45
45
45
2286
36
37
57
30
91
108
258
1509
310
29
40
32
40
37
35
36
158
45
185
296
210
63
199
282
66
59
163
27
158
248
134
134
96
185
428
57
173
142
255
77
91
116
42
171
228
213
831
71
43
97
191
86
254
117
100
306
421
119
127
119
419
35
488
132
59
132
73
74
251
83
189
358
75
427
75
168
155
329
163
63
101
168
206
212
71
58
44
46
48
42
55
86
324
85
101
66
217
110
647
57
367
130
81
72
62
81
118
176
176
94
311
98
105
64
53
47
1570
222
128
327
66
124
163
345
323
47
174
78
41
106
71
181
179
132
151
71
490
197
279
40
94
352
239
456
169
185
336
41
227
46
244
330
113
368
45
45
49
57
206
83
43
32
6926
82
288
170
130
84
57
197
71
130
185
67
111
72
167
120
67
54
124
31
63
133
116
128
56
57
134
190
118
44
111
71
78
180
128
124
46
33
69
38
37
145
42
270
39
177
122
137
312
39
374
54
331
133
81
33
239
68
58
218
104
334
149
164
32
80
576
289
109
192
430
454
255
142
116
50
119
273
174
298
131
35
38
53
312
48
50
523
169
354
78
586
109
103
222
449
33
552
75
76
49
102
227
175
370
36
543
106
45
69
94
70
117
220
253
323
418
102
137
53
97
180
41
26
154
114
168
210
191
149
61
191
129
303
90
194
312
211
101
308
185
312
57
80
41
58
3414
44
130
223
432
317
183
54
96
432
95
181
351
108
222
73
64
62
60
84
69
124
36
34
36
40
38
38
42
40
35
43
35
37
37
34
41
42
37
43
32
44
32
32
36
44
35
39
38
44
45
43
39
46
47
34
43
30
34
53
34
30
28
27
28
28
41
96
24
35
38
31
44
25
25
35
33
32
40
34
25
32
34
29
25
27
28
28
31
34
27
30
25
26
29
23
27
26
28
25
29
32
28
23
34
23
34
24
22
29
27
26
24
33
25
33
26
32
37
26
26
32
26
24
30
28
29
29
24
38
27
33
33
32
28
27
26
27
25
29
26
26
25
27
21
27
23
35
24
34
27
33
26
26
28
26
25
24
25
24
24
25
33
24
223
175
26
25
37
32
29
34
24
29
28
27
28
25
26
25
33
26
27
25
24
30
26
28
24
25
25
25
30
29
27
31
36
45
32
28
40
31
29
32
28
41
24
35
38
31
27
26
25
37
33
25
22
29
27
23
25
29
24
26
28
27
32
23
25
24
22
27
25
24
27
24
24
25
32
29
31
28
28
21
22
37
24
32
34
30
29
27
26
25
27
28
27
30
27
23
24
25
23
25
30
31
29
24
27
34
30
33
28
25
32
28
35
26
33
27
31
30
27
27
32
30
33
25
33
34
31
27
33
26
25
23
28
26
31
29
34
26
27
27
28
32
29
29
23
21
27
23
32
27
24
25
25
26
28
24
26
28
28
27
96
33
33
27
31
27
30
36
33
24
30
26
28
24
24
39
37
28
25
23
21
21
28
24
32
21
25
24
26
24
22
21
28
25
26
27
40
46
28
30
36
28
29
27
34
32
23
23
24
22
27
28
29
26
28
28
29
24
28
24
26
29
28
33
26
27
25
25
29
29
28
25
26
24
26
25
34
31
25
27
27
25
29
29
23
23
29
38
37
31
29
32
27
24
26
30
27
28
24
23
26
25
24
27
25
26
24
25
28
26
27
22
25
25
27
34
27
26
23
24
26
35
30
24
28
32
25
26
25
30
25
22
29
30
29
23
26
30
30
27
27
25
27
27
29
27
28
25
27
26
25
27
4251
2206
992
100
53
43
132
157
37
42
78
137
80
95
109
64
57
48
82
101
80
102
100
82
84
90
97
38
89
56
104
89
80
166
81
76
868
107
89
87
158
99
84
210
325
357
275
82
75
86
221
575
2262
1695
2929
2454
73
75
71
96
134
147
121
119
183
99
108
62
65
41
51
77
158
140
50
44
80
52
33
33
24
30
29
41
25
49
36
40
25
36
30
40
28
51
27
31
34
2864
66
52
44
59
59
73
45
33
100
147
42
84
81
90
65
102
78
88
87
84
83
49
97
54
57
56
32
52
42
48
34
95
42
85
30
50
66
91
73
69
88
75
61
37
21
28
73
32
33
49
43
36
33
30
38
43
29
34
41
51
30
80
38
55
47
2523
34
25
31
41
137
91
81
61
71
61
43
62
2449
33
63
56
42
48
48
39
51
59
27
49
41
51
94
56
38
49
51
2893
40
53
50
56
56
44
32
41
50
36
41
50
46
61
2476
121
31
59
47
35
73
42
44
38
95
76
46
36
42
32
36
32
38
32
46
26
66
46
30
33
66
27
73
41
47
44
65
67
51
100
109
121
46
79
92
81
54
101
41
38
51
84
67
108
72
72
61
26
30
80
31
45
36
66
49
52
38
31
42
31
41
55
95
201
106
116
124
110
103
114
86
64
67
82
44
156
137
154
112
