155
150
156
143
146
143
146
155
154
153
226
206
143
157
186
127
171
237
113
226
135
132
148
163
123
146
150
154
162
154
171
154
138
158
145
147
150
150
144
149
151
150
187
166
121
162
156
187
194
120
135
142
150
145
160
147
154
143
149
141
142
146
157
143
163
147
147
169
146
142
150
146
158
152
188
122
147
138
143
147
153
160
152
143
158
149
153
141
161
138
169
152
148
157
161
157
164
147
157
149
159
145
167
149
140
156
159
155
185
91
129
150
148
148
156
169
222
77
136
155
115
139
103
144
185
148
202
126
168
139
149
163
142
157
145
143
141
143
143
203
141
135
138
143
140
166
154
150
146
158
142
143
160
160
155
161
153
176
162
162
145
155
143
156
160
149
141
146
138
141
142
147
139
151
146
151
140
140
137
148
138
137
151
139
156
142
140
137
144
143
142
148
157
146
136
142
140
154
147
142
140
143
145
140
155
146
138
138
144
142
147
138
147
146
143
140
145
145
146
147
144
141
142
142
145
140
156
148
162
175
149
142
166
147
149
144
160
137
150
144
145
144
144
143
141
137
156
143
144
138
150
151
149
149
137
148
147
139
142
148
142
141
140
147
160
166
179
154
150
145
146
169
151
138
148
138
144
139
135
140
142
141
147
151
148
138
147
148
143
143
142
142
143
144
153
141
139
144
140
141
149
143
140
150
149
146
151
144
156
136
162
146
149
142
146
140
143
135
144
155
142
139
144
142
143
135
146
140
141
137
140
152
142
139
142
152
138
147
162
176
157
133
161
159
303
231
150
139
143
160
137
141
140
162
147
138
151
145
144
150
152
159
147
152
140
143
146
135
147
144
149
149
148
143
146
142
156
165
120
163
165
150
149
138
139
155
139
162
147
149
143
147
151
138
149
151
142
144
147
138
142
138
145
153
159
137
146
147
157
138
138
145
137
145
140
141
149
143
136
145
142
138
139
141
141
148
147
139
139
146
147
148
136
144
152
149
145
160
147
141
138
144
145
145
143
161
148
249
167
113
138
158
152
136
142
146
139
148
141
147
149
144
141
143
146
141
143
142
154
155
160
146
140
145
144
150
140
146
136
147
145
153
144
142
141
149
143
140
144
142
139
161
141
152
150
146
143
143
140
144
138
136
146
144
153
167
146
137
144
138
149
153
142
155
144
143
144
139
150
151
147
138
145
147
146
141
143
146
140
147
137
146
153
143
148
149
146
156
139
171
142
139
140
141
138
136
142
137
148
151
146
140
140
144
139
142
146
138
146
161
162
146
156
148
144
186
147
141
180
163
154
146
151
138
139
154
134
145
137
144
149
148
139
147
142
148
144
156
144
140
149
153
156
144
140
145
153
148
140
141
146
158
156
140
151
141
144
152
144
136
149
143
148
144
136
139
146
149
140
146
144
145
138
145
168
153
154
142
144
144
143
143
138
154
147
155
144
150
151
140
147
154
148
145
141
152
150
144
142
148
152
143
141
140
150
137
149
147
146
138
149
148
141
141
148
164
141
146
162
232
116
190
131
94
130
152
170
153
138
149
146
151
136
156
140
136
148
144
156
150
143
165
155
142
141
140
145
150
143
146
144
137
164
156
148
138
153
154
151
135
141
142
172
147
144
139
143
146
139
143
145
143
149
148
144
140
142
140
144
136
146
148
157
140
138
154
161
138
145
137
158
140
156
138
147
144
143
143
151
155
142
140
154
139
140
155
138
149
140
142
144
139
143
142
138
143
150
141
150
142
148
143
139
152
146
139
142
144
139
153
140
179
151
168
127
183
121
160
153
160
145
145
139
140
148
143
146
148
144
146
140
139
166
140
145
158
159
144
144
140
152
144
138
145
139
149
139
150
141
159
161
152
152
148
144
140
137
154
150
149
134
150
153
133
146
152
144
148
138
146
139
153
155
142
146
152
153
145
139
141
141
154
141
142
140
158
146
146
156
139
139
139
149
149
164
139
149
152
140
156
144
246
143
143
142
141
144
140
137
146
144
141
149
150
149
138
144
140
140
155
146
144
153
145
147
150
163
132
146
190
197
135
157
160
139
141
139
143
142
148
155
160
153
143
148
139
139
143
141
146
141
145
145
142
139
140
149
142
151
147
136
139
165
143
160
149
164
149
144
179
138
143
139
149
145
147
138
140
143
141
139
146
140
151
139
141
153
148
144
147
138
147
140
148
140
145
140
157
162
149
144
151
141
143
140
140
140
148
141
139
143
137
140
144
140
153
136
138
150
142
146
138
147
144
143
171
133
138
142
141
234
92
152
228
175
140
135
139
166
143
158
137
141
139
139
137
147
141
144
140
151
143
147
145
146
137
142
160
145
145
150
137
137
160
137
165
137
155
164
143
144
140
163
139
141
154
156
147
148
146
146
144
149
118
142
138
138
150
141
142
153
140
144
137
142
141
164
165
149
141
135
155
155
146
148
140
157
139
139
142
142
144
150
140
143
143
149
145
148
149
140
143
146
149
147
145
147
143
143
138
147
173
131
146
142
141
139
140
141
163
132
145
145
146
149
152
175
202
110
152
172
151
151
155
150
150
141
140
147
141
141
157
170
170
143
143
144
148
141
144
142
152
159
139
142
141
145
148
134
147
149
162
145
141
153
141
151
156
148
140
146
146
152
136
160
152
142
151
150
150
140
153
138
161
142
139
138
142
139
141
146
154
138
147
143
140
158
143
141
140
146
146
138
139
151
146
141
146
138
160
138
137
141
149
145
147
148
141
149
152
147
145
148
151
148
154
310
228
229
104
280
255
283
279
354
148
461
308
142
227
74
138
173
172
133
181
146
178
208
180
175
192
176
185
181
178
208
178
168
165
183
200
157
158
177
166
178
176
169
179
174
181
167
162
181
164
169
171
175
190
177
175
187
172
171
180
161
184
174
196
164
227
122
167
176
169
161
181
180
173
178
177
186
174
176
178
190
173
189
176
162
183
183
179
171
177
178
201
155
176
174
206
244
281
85
148
163
136
259
113
218
153
180
184
172
185
178
188
166
174
185
197
165
173
200
163
195
159
175
183
176
197
165
178
191
164
166
179
190
187
180
173
179
169
175
174
173
177
177
173
176
214
167
154
182
164
173
197
140
172
165
167
179
174
285
177
171
170
168
167
175
171
173
177
162
168
180
178
184
197
176
174
164
157
182
175
173
233
163
154
225
90
160
183
226
283
116
180
175
176
184
175
176
163
179
183
227
197
148
178
168
176
164
171
185
189
170
190
173
176
207
176
174
210
172
168
162
182
182
179
172
167
170
213
154
189
166
159
179
177
179
185
173
185
165
175
164
170
174
182
179
174
165
195
170
159
167
163
164
171
159
167
178
163
177
176
164
160
168
176
179
169
163
173
165
169
167
168
190
182
188
200
134
207
184
175
172
171
171
166
191
166
168
162
169
168
168
163
186
164
169
174
174
174
167
179
165
162
168
172
176
165
179
175
180
165
181
170
192
165
171
162
168
169
163
175
179
172
172
159
177
169
162
163
168
177
164
162
165
167
160
167
164
170
168
173
171
173
185
171
163
175
163
169
179
166
174
167
158
172
170
162
163
168
160
179
176
182
164
163
163
155
171
162
168
178
183
183
172
195
170
187
137
190
187
173
163
166
159
172
177
165
168
167
160
187
175
168
157
175
166
164
162
165
177
186
188
180
193
160
172
194
169
186
169
164
174
162
161
172
165
174
183
170
167
172
159
164
164
163
172
179
174
181
168
176
163
164
166
164
170
173
178
165
165
162
163
171
175
177
167
170
161
178
169
174
165
171
158
164
167
178
177
170
170
169
166
183
192
167
176
201
217
121
168
193
183
184
168
165
168
166
168
168
162
162
159
171
171
163
192
150
172
168
163
174
160
173
177
172
171
168
172
163
170
162
165
171
186
182
165
171
169
168
169
191
159
168
174
182
178
165
171
178
166
166
173
174
171
161
164
169
172
161
178
167
177
165
165
167
165
176
177
165
160
165
171
173
167
167
163
162
170
162
171
169
173
167
169
169
172
167
165
166
179
172
176
179
182
187
142
195
185
176
180
166
182
195
175
169
178
165
162
171
173
180
165
162
176
160
166
162
164
167
179
167
165
163
175
169
165
167
169
179
176
181
242
173
176
173
183
161
169
174
167
300
166
166
179
162
167
165
163
171
162
168
167
170
166
170
174
158
177
179
171
169
170
163
167
169
172
163
180
168
171
178
167
168
167
167
171
161
165
174
166
176
167
173
165
165
193
166
185
191
230
79
193
199
154
173
216
165
169
184
190
170
160
165
176
203
169
167
177
176
162
165
162
165
201
173
211
175
170
172
173
165
180
172
167
168
164
164
165
181
167
162
184
166
174
160
166
172
163
165
169
166
169
170
171
169
173
170
172
176
172
165
171
164
176
164
170
171
159
167
162
180
174
183
164
167
173
167
167
166
182
181
175
174
181
179
173
174
168
183
190
178
214
146
204
199
190
183
160
171
170
165
170
165
166
173
167
165
178
210
154
182
193
170
178
162
173
210
182
174
168
193
183
166
182
163
172
171
176
182
177
171
167
170
166
179
170
172
188
183
162
180
161
167
163
178
175
173
165
168
160
175
170
165
168
169
175
165
175
164
170
161
164
165
172
181
185
160
163
181
176
173
162
168
154
148
145
164
148
161
150
152
145
145
139
147
163
141
160
156
175
218
130
168
153
146
148
173
171
130
137
144
139
144
141
146
138
160
140
157
148
157
143
151
137
146
145
137
150
142
157
140
146
143
149
149
143
156
149
178
151
141
150
143
155
142
142
150
137
140
139
151
164
143
141
140
148
145
146
137
143
149
143
137
141
142
144
141
142
151
142
152
151
137
157
136
143
144
146
144
147
142
146
141
143
146
142
147
153
137
147
143
138
137
138
154
152
151
145
145
151
149
143
158
142
231
135
141
236
188
159
149
159
137
140
147
135
137
136
141
143
147
147
147
140
140
147
145
140
144
140
150
136
143
154
135
138
136
153
136
147
141
152
150
141
147
139
172
151
146
171
134
152
137
163
143
139
135
137
144
143
146
157
138
141
130
142
143
138
135
139
134
148
148
142
140
150
139
155
154
134
147
142
152
150
135
158
137
138
147
150
140
149
135
146
151
156
144
138
135
138
144
146
143
136
137
136
148
137
158
144
141
150
138
151
135
148
139
139
167
150
131
178
127
134
174
156
141
188
137
136
139
147
135
142
143
143
147
142
171
152
147
136
142
141
137
136
153
155
136
158
272
154
141
150
151
147
153
138
147
140
141
143
147
146
146
146
140
158
149
136
158
140
162
134
141
149
148
144
146
138
150
138
147
138
161
154
149
144
139
139
144
141
141
148
140
142
153
136
146
144
149
136
144
142
152
176
101
146
150
147
140
146
139
148
137
138
142
141
149
150
143
141
136
148
139
146
157
154
158
166
139
133
182
121
142
179
155
173
141
145
145
145
143
137
143
143
148
141
153
138
141
146
142
148
157
153
135
140
145
147
168
144
151
140
146
173
143
152
145
159
153
151
152
141
149
140
150
152
145
147
146
149
144
151
141
140
151
147
151
143
139
140
148
146
154
143
147
149
144
147
146
146
143
149
145
148
146
149
146
134
143
148
140
142
137
159
147
142
139
148
140
154
140
140
138
155
144
140
142
140
137
145
153
147
143
144
146
164
151
141
158
146
200
92
97
188
134
160
149
169
142
143
150
140
140
145
148
153
138
149
145
159
146
154
143
155
141
141
151
133
149
156
134
139
156
141
143
141
152
144
155
162
149
140
138
136
140
146
143
134
144
147
144
145
144
151
145
143
142
143
148
154
138
147
131
141
147
143
142
152
145
140
140
148
147
139
150
135
147
143
154
138
141
137
143
142
138
141
140
139
152
142
146
145
138
144
135
154
151
131
148
144
141
153
141
146
151
158
263
136
134
155
143
150
149
156
146
142
140
138
143
144
148
151
148
153
146
144
158
139
162
145
144
149
151
149
142
151
162
145
147
145
141
144
142
152
148
136
150
147
158
152
143
142
144
143
144
143
144
139
154
150
137
154
146
147
143
151
148
140
140
142
150
147
137
144
140
149
142
146
140
151
150
138
138
151
153
143
141
141
144
135
142
159
145
143
147
145
146
147
147
145
150
142
139
153
140
146
141
151
140
154
149
156
142
137
156
140
151
152
150
170
163
165
175
101
160
148
143
234
136
136
148
143
151
155
140
145
152
144
153
140
149
145
148
159
143
145
148
147
144
143
144
155
143
164
146
151
145
146
171
140
160
149
145
148
138
156
132
150
155
140
148
145
139
143
141
140
139
142
143
144
141
139
144
142
139
136
140
154
145
148
138
150
155
142
146
148
136
140
147
149
140
153
137
157
147
152
136
147
141
144
136
153
142
145
141
151
138
145
144
147
141
158
140
155
160
151
148
223
254
205
122
137
149
310
140
144
151
138
140
147
134
140
142
145
144
149
137
158
144
152
155
145
137
148
139
138
144
140
161
149
138
147
152
156
145
149
139
163
144
137
152
151
142
141
146
150
159
148
148
147
147
144
141
141
150
148
139
141
139
140
145
168
146
147
138
143
137
138
142
154
146
148
153
141
146
137
145
139
150
153
139
142
144
154
143
141
148
153
138
140
144
145
151
151
145
154
150
142
139
145
151
142
138
137
141
156
156
226
183
157
120
184
151
163
156
145
136
154
144
145
142
142
135
135
143
135
145
164
138
156
146
148
135
137
153
140
141
139
146
142
156
138
140
147
147
148
144
133
151
140
153
144
137
139
145
139
137
146
133
144
164
127
150
147
146
140
142
140
140
134
133
148
146
147
141
143
139
145
153
146
138
146
153
142
139
140
140
134
135
138
133
150
141
138
149
160
154
143
137
154
143
140
141
142
157
153
144
137
160
135
149
146
159
153
146
216
137
232
228
102
154
133
154
221
135
141
187
127
147
153
138
149
153
178
179
163
173
185
174
172
168
178
169
169
171
178
170
160
156
175
162
168
173
170
188
182
183
174
176
168
171
162
162
163
166
153
163
171
159
174
170
174
169
157
160
164
173
157
165
161
172
163
165
169
176
170
174
178
170
185
160
166
173
171
165
175
170
170
166
167
179
158
169
159
160
163
168
165
160
157
162
177
173
214
152
191
125
172
193
129
171
190
166
157
159
162
180
161
164
200
150
170
188
160
185
169
167
171
159
162
158
162
176
176
164
167
175
169
184
163
171
181
168
178
164
164
167
162
159
180
157
162
160
158
161
157
177
161
171
161
160
161
177
173
168
171
175
170
170
174
170
163
166
162
165
166
171
159
173
165
160
166
179
163
161
168
173
157
185
160
169
171
160
159
183
164
183
195
177
212
133
220
181
173
186
159
167
162
167
165
174
161
168
160
165
156
178
159
165
203
167
160
174
158
164
167
163
166
157
172
163
165
170
177
189
170
166
186
162
172
177
165
156
159
173
172
176
167
172
157
156
166
166
172
163
181
159
168
159
163
167
164
171
161
176
162
172
185
167
172
161
170
174
169
187
168
171
185
178
174
280
173
163
174
165
166
166
176
181
174
170
161
166
190
182
258
170
199
146
182
171
177
171
177
176
170
166
164
169
180
165
163
165
173
162
166
168
172
166
172
178
173
178
165
184
168
165
173
176
179
178
188
183
190
165
189
167
174
169
168
173
163
165
163
172
161
167
168
161
168
160
163
176
177
181
161
162
161
173
171
167
194
207
160
169
163
163
174
165
169
169
167
163
168
171
169
169
174
166
164
169
171
170
168
175
163
163
175
166
186
155
200
160
188
212
173
199
145
176
181
170
171
175
183
163
165
164
171
173
188
174
173
167
162
172
166
163
183
170
185
166
178
173
168
158
183
156
171
176
164
172
171
171
174
166
173
170
166
164
173
172
171
168
158
168
176
178
190
171
163
174
164
171
176
173
164
163
168
171
172
163
173
169
171
166
171
168
173
179
173
163
167
168
177
183
168
165
165
168
159
164
174
165
176
175
171
199
143
187
186
167
181
170
172
170
168
171
165
168
172
184
160
172
215
147
168
173
170
163
163
172
172
175
169
175
168
171
169
172
192
162
178
167
169
168
178
169
171
164
169
165
172
177
168
165
170
158
165
182
173
167
167
172
179
178
183
171
169
166
188
162
174
166
170
161
172
163
164
173
161
161
178
181
172
176
182
178
165
171
184
161
164
163
161
172
164
169
164
170
166
174
198
272
187
138
160
183
191
227
137
163
168
171
161
168
169
167
165
184
166
191
169
178
162
169
171
163
173
169
167
173
163
180
173
172
161
207
175
178
172
165
167
159
179
181
168
175
162
171
183
160
162
176
164
170
163
164
159
179
174
172
163
166
164
170
172
178
180
161
176
164
172
169
184
174
164
185
166
180
166
170
170
162
165
163
170
177
174
175
167
160
174
194
219
128
106
272
157
193
246
90
197
183
198
172
165
175
165
175
168
164
177
189
167
180
170
165
160
176
170
163
181
159
167
176
173
183
162
175
169
178
175
169
162
177
169
164
174
168
167
166
173
163
165
173
170
166
166
176
172
176
193
161
262
175
171
170
170
170
170
179
195
163
168
168
170
177
164
166
162
172
169
173
164
172
167
172
182
171
163
171
161
182
163
167
171
172
170
173
187
189
236
149
154
138
176
169
170
188
184
168
166
164
164
170
170
175
180
170
163
164
179
164
167
173
162
185
172
172
170
185
165
180
166
170
174
162
168
164
164
173
170
165
182
156
187
167
167
169
167
164
171
166
166
163
184
188
177
173
162
166
179
173
166
166
169
165
182
175
161
165
167
169
180
161
173
172
173
181
166
179
168
169
168
165
171
161
178
162
176
165
200
182
206
153
201
186
175
175
169
163
208
155
175
162
165
167
165
163
173
179
189
173
167
171
168
165
186
183
168
163
167
176
172
180
161
176
165
171
175
178
188
179
163
176
180
172
162
178
177
170
170
174
179
180
166
171
166
168
163
170
170
166
177
164
166
163
172
179
165
179
180
169
165
170
170
168
169
178
164
170
166
176
172
180
175
163
163
175
162
181
174
174
167
172
164
205
188
175
242
139
137
190
167
178
176
199
169
181
156
163
204
165
181
179
174
164
178
162
169
172
173
171
164
167
190
179
169
177
175
163
171
164
176
169
166
168
153
175
170
199
175
167
176
171
163
171
163
172
176
162
163
170
177
169
181
169
173
170
163
163
180
168
182
176
167
167
167
166
186
174
158
169
177
169
175
164
168
171
174
169
171
156
167
164
181
165
168
168
189
157
176
187
176
200
183
190
227
159
172
173
162
170
165
171
167
171
162
179
245
149
198
154
149
178
187
217
126
166
180
186
177
188
198
170
173
171
180
176
187
184
171
165
179
180
170
175
199
172
152
189
167
177
165
168
171
173
167
178
179
170
180
178
173
196
178
181
186
169
185
174
186
170
179
208
168
171
155
170
180
174
171
175
178
173
183
181
168
163
170
173
189
168
183
181
276
206
195
186
260
139
105
201
151
146
174
162
180
170
175
176
170
187
175
163
185
168
171
170
182
172
166
174
175
167
179
180
185
165
181
261
122
218
176
169
257
211
178
190
183
171
173
211
197
166
184
176
186
181
180
178
168
178
176
179
177
180
174
178
169
181
161
168
173
169
165
161
165
171
180
167
167
170
172
170
175
171
161
164
179
173
167
173
167
327
89
301
337
85
183
173
168
171
156
165
170
159
166
159
171
165
161
185
170
165
162
158
159
165
165
180
165
185
165
178
168
181
171
171
197
178
141
153
152
159
160
163
171
145
140
145
139
132
151
147
151
152
136
141
137
148
144
134
151
158
157
141
143
157
135
157
140
142
141
135
152
137
134
135
158
147
144
146
144
139
143
139
135
159
135
140
143
150
149
143
136
150
142
152
133
148
137
138
146
149
149
144
157
167
130
177
175
133
149
153
158
148
146
143
149
144
138
156
135
151
142
138
141
138
133
168
159
146
133
140
132
149
147
155
152
148
133
138
142
144
137
154
142
146
139
154
125
142
137
145
141
150
138
137
134
141
142
146
156
125
145
136
147
139
136
140
144
150
137
139
141
135
154
140
137
140
154
147
137
154
143
152
153
140
146
143
155
145
137
142
145
154
147
161
154
143
137
159
140
139
140
155
140
134
140
140
136
140
139
136
151
143
141
141
156
158
146
165
150
126
164
164
130
193
130
165
149
142
137
152
146
141
148
140
142
142
142
146
152
138
138
141
140
135
137
158
144
152
136
151
146
151
139
142
154
144
166
148
141
153
188
152
151
136
151
138
136
139
146
149
132
143
143
142
144
156
137
134
150
141
133
143
136
138
154
145
151
160
138
133
152
136
149
144
141
144
136
141
139
142
142
144
146
149
138
137
144
140
140
144
144
137
138
144
143
152
145
145
142
134
135
138
134
139
145
141
152
171
130
152
150
154
181
170
154
150
133
148
170
145
139
138
145
138
138
141
146
135
157
133
141
135
137
154
143
132
147
147
149
150
148
156
150
167
137
143
146
139
155
136
134
140
137
145
147
146
153
141
148
151
133
141
139
141
156
140
140
140
134
137
143
141
138
163
140
143
149
143
149
148
143
139
135
156
133
141
149
143
144
149
136
146
145
143
138
140
144
141
133
137
142
141
137
144
145
148
142
159
143
142
140
144
140
142
146
139
144
156
193
232
181
137
192
213
83
166
162
168
137
145
135
139
145
146
150
144
151
154
146
165
129
177
125
147
170
321
336
1099
1073
471
540
217
359
165
199
216
304
305
287
739
195
391
256
429
505
591
123
173
195
182
233
211
124
314
306
328
525
337
457
250
356
307
193
335
622
265
433
623
549
1492
1177
215
522
208
326
329
214
280
239
235
214
186
54
219
193
142
201
183
147
141
184
155
148
132
150
169
149
214
163
137
123
157
146
172
149
361
224
173
135
140
189
113
153
162
152
132
178
250
134
187
119
257
145
151
133
143
175
225
246
110
190
190
370
429
294
484
238
161
232
168
325
178
288
177
170
151
192
256
132
306
322
172
320
156
213
155
147
151
137
181
180
137
139
159
193
107
169
159
194
136
149
163
143
142
134
142
134
146
141
147
121
143
137
156
137
159
143
142
176
147
155
126
155
144
153
145
170
172
147
147
189
147
142
150
160
170
158
185
184
195
171
175
212
196
134
134
165
153
143
141
133
154
137
139
146
132
146
144
157
158
146
167
174
122
139
149
140
194
154
143
150
151
141
141
148
148
142
148
137
144
143
145
146
144
139
141
137
145
136
142
151
145
139
149
144
134
142
145
135
144
146
142
156
140
138
150
148
141
138
133
137
145
139
145
142
157
136
140
139
139
149
138
147
141
159
149
150
152
138
143
144
148
160
139
138
140
137
135
138
144
133
150
148
136
150
134
142
145
164
144
152
144
161
124
189
115
153
144
191
125
149
136
147
155
136
154
145
148
137
170
136
145
144
138
135
134
154
136
138
155
149
157
137
138
135
151
146
137
151
138
156
162
151
144
149
145
142
139
151
160
156
146
155
144
142
141
154
141
143
134
136
151
140
156
150
147
141
146
140
159
147
146
147
146
167
135
133
147
152
146
144
158
136
139
139
144
135
150
136
149
140
138
145
139
138
139
133
141
143
135
141
143
142
139
150
146
142
150
198
110
215
92
209
118
144
137
189
139
136
142
143
147
165
137
139
145
142
141
143
134
157
144
143
140
132
140
138
147
154
137
154
167
153
144
141
131
145
161
135
146
142
153
164
145
145
144
149
166
138
140
146
142
150
139
141
147
146
145
135
148
133
138
141
140
134
158
142
143
149
141
139
142
135
141
144
139
150
138
142
145
146
161
152
141
137
145
139
146
145
135
152
147
143
147
139
136
135
138
140
152
155
157
152
138
134
146
140
138
142
139
149
159
174
201
201
149
105
202
109
153
138
265
151
153
139
151
140
136
140
140
154
150
156
140
149
135
138
151
147
143
142
140
145
142
148
141
163
149
150
169
134
181
146
144
147
148
150
144
143
137
151
147
141
144
155
142
140
142
152
142
137
160
134
140
137
145
142
145
145
155
149
140
147
149
143
140
147
146
145
141
136
140
142
147
142
146
142
147
160
141
137
140
146
140
146
157
144
150
143
147
140
157
140
147
144
145
152
152
146
148
150
180
139
156
173
154
152
155
135
137
156
140
138
146
138
143
145
143
140
137
142
141
156
143
147
143
140
160
143
139
142
140
148
151
145
148
157
155
149
145
160
139
159
162
141
148
138
148
147
141
139
148
159
143
161
143
147
141
139
139
141
139
141
145
142
140
142
144
138
146
136
148
149
139
147
148
147
153
151
143
144
139
142
136
146
146
140
141
137
165
146
150
137
143
139
138
145
155
149
141
158
150
140
138
148
144
145
137
140
152
150
147
168
155
116
159
171
101
107
131
173
146
150
152
145
147
143
152
155
144
142
149
140
156
151
138
152
140
149
143
141
147
143
140
162
145
147
170
137
151
148
163
150
159
151
145
141
148
144
142
152
147
140
147
144
138
146
145
142
149
145
147
138
147
145
157
139
155
166
147
144
137
144
140
155
141
155
149
157
147
149
151
155
148
156
158
151
149
145
146
139
144
154
141
136
150
143
140
143
149
149
150
160
146
141
135
142
140
171
149
154
147
156
140
196
133
147
161
151
140
144
148
142
135
145
152
149
156
146
143
147
145
137
168
150
157
144
151
143
145
138
139
164
145
138
145
139
138
145
170
145
154
144
145
153
148
142
145
157
154
138
147
143
144
146
146
147
159
146
155
146
136
143
140
145
141
143
142
152
139
146
144
151
153
145
143
147
146
143
143
139
138
138
145
148
140
144
137
148
158
164
150
141
144
137
145
145
139
140
143
146
137
145
140
147
140
147
156
138
142
137
142
143
155
151
153
141
151
115
149
155
156
157
182
150
145
147
145
146
142
151
146
144
141
147
141
143
140
142
141
142
138
140
144
142
134
138
141
141
142
145
144
132
143
140
145
158
148
141
147
143
136
158
139
143
167
148
135
135
150
149
136
136
139
144
167
129
143
145
145
144
145
146
143
133
137
141
143
144
139
148
139
138
145
140
146
135
135
142
137
145
141
143
142
140
142
147
138
135
143
140
154
147
249
138
147
146
140
145
145
141
162
154
233
71
170
135
194
80
143
132
187
140
149
136
141
150
146
141
147
139
153
140
145
150
148
166
135
152
143
135
147
138
140
144
141
143
157
145
142
148
155
146
149
142
151
162
152
145
141
144
151
159
140
153
150
138
146
149
140
150
142
144
147
155
138
148
150
146
141
152
157
146
148
144
140
144
152
151
161
140
153
173
140
137
121
131
125
115
121
145
123
122
121
116
116
125
114
120
115
125
121
121
121
114
114
125
122
121
129
117
124
120
117
138
134
119
134
121
125
142
134
119
117
134
91
111
92
156
111
139
119
144
131
130
112
115
129
121
118
115
114
113
121
126
114
146
120
123
129
117
114
116
114
117
115
117
118
120
115
122
126
118
124
113
119
114
135
134
126
123
122
121
119
134
116
116
113
118
116
113
120
124
117
117
120
130
119
113
115
115
122
120
110
118
119
114
119
119
114
115
115
112
117
114
121
120
115
128
113
128
122
118
117
113
116
122
118
112
117
117
131
117
113
118
111
122
131
126
118
116
121
123
121
120
119
126
120
115
119
117
113
117
124
119
120
131
109
117
130
131
136
178
85
148
132
80
156
127
117
126
138
112
123
118
114
121
126
114
119
122
114
117
112
113
125
121
116
121
121
127
116
129
120
115
116
124
123
118
115
124
121
117
125
119
118
113
122
120
130
121
124
137
128
115
153
133
129
123
119
130
120
118
114
124
113
114
114
117
121
117
124
121
119
113
115
127
119
112
117
116
122
121
111
118
119
125
120
119
121
121
116
117
118
125
111
120
118
126
112
122
124
114
116
110
118
115
126
117
120
126
118
121
122
101
115
124
114
119
124
117
113
121
121
117
113
117
113
122
112
117
121
120
116
118
111
114
131
127
142
110
120
124
127
141
115
135
128
132
128
136
132
119
118
113
116
125
115
113
114
116
125
128
119
127
127
135
117
125
116
123
120
113
118
117
123
145
126
110
116
124
113
132
122
109
122
126
137
132
119
124
126
126
130
116
121
117
129
127
122
116
113
121
117
116
127
120
125
114
116
125
121
113
121
128
115
132
119
124
117
113
123
131
114
128
111
123
123
124
117
116
119
126
117
116
117
126
115
123
122
122
127
115
120
120
121
117
121
119
129
124
120
140
110
114
128
126
119
117
122
116
130
149
111
120
117
120
138
135
119
131
153
171
140
109
136
102
143
154
118
121
132
117
115
119
116
120
112
117
115
117
117
120
122
125
169
85
140
124
113
119
130
115
124
112
119
129
118
118
114
120
113
122
113
126
120
113
120
132
118
119
128
122
120
115
118
125
127
125
116
119
123
114
129
117
132
111
121
113
115
120
117
127
119
118
115
124
118
121
121
114
118
119
122
127
128
126
118
116
195
150
117
112
124
114
119
125
119
118
113
121
129
127
116
121
118
130
119
117
114
124
117
120
116
117
121
117
124
117
118
116
131
118
119
115
114
126
117
116
126
113
127
123
126
130
109
162
90
124
141
108
129
121
151
159
112
122
120
114
122
115
118
128
123
121
128
126
113
127
115
123
115
118
122
128
123
119
121
113
127
128
122
114
128
136
109
125
134
118
126
121
121
140
117
137
122
117
140
121
117
121
113
115
115
119
114
124
126
120
116
120
125
118
131
135
132
119
118
128
128
125
143
114
131
122
116
126
137
130
127
124
119
114
118
121
116
123
119
119
117
116
113
115
118
113
127
129
110
121
116
116
122
117
118
116
122
111
115
115
116
118
113
125
122
122
119
127
119
123
129
128
207
199
147
159
83
138
140
113
123
132
113
122
116
113
121
114
118
115
124
114
115
116
123
120
119
110
123
123
126
121
131
121
119
121
120
136
136
115
129
112
121
132
111
125
116
116
135
123
112
143
118
124
138
121
114
112
114
114
135
111
120
122
120
124
114
106
114
120
115
111
117
119
113
117
116
117
115
115
116
126
111
129
121
119
137
126
111
121
126
113
116
114
112
126
112
112
113
115
113
113
125
109
116
115
110
129
118
121
121
110
125
117
114
120
131
116
133
130
113
117
118
127
134
115
117
122
122
120
117
121
121
124
120
129
122
132
142
134
128
104
114
139
140
118
122
125
129
112
113
111
118
113
112
120
125
126
123
120
111
113
116
126
153
111
126
118
118
114
113
110
118
125
116
118
111
133
121
113
118
113
120
115
122
123
111
115
123
125
127
123
111
114
111
114
136
112
130
109
121
116
111
119
121
121
126
140
116
115
119
111
118
116
117
126
113
111
126
114
115
121
108
117
116
123
111
113
136
116
123
120
123
109
122
118
126
121
120
109
114
120
117
125
117
120
112
112
129
111
127
116
110
121
119
127
115
127
125
128
119
122
118
118
111
118
116
112
113
115
115
117
124
120
121
121
131
123
148
100
130
139
122
143
134
168
103
111
127
113
121
111
130
114
120
116
118
121
117
143
128
126
121
117
120
117
121
129
114
122
116
116
116
115
126
120
120
129
125
135
128
114
118
127
128
139
119
122
116
118
127
124
116
120
124
116
121
125
118
126
119
123
120
113
119
115
128
128
119
121
116
116
114
116
118
119
122
116
122
115
117
129
118
121
118
131
122
122
122
114
121
121
119
117
115
125
119
114
124
115
115
114
114
116
124
114
118
117
118
113
123
122
122
121
113
115
118
130
125
117
115
115
115
128
123
144
216
198
106
123
134
156
99
113
133
103
119
110
114
118
121
111
121
124
111
114
114
126
109
124
122
151
109
129
114
122
123
118
127
118
138
121
117
125
192
57
88
113
135
145
95
125
141
133
128
141
117
121
134
132
112
121
112
159
216
114
134
127
129
135
113
127
113
129
129
111
119
123
132
126
126
132
144
136
116
139
120
116
127
123
117
120
115
123
147
125
116
120
121
126
139
116
126
124
140
116
127
135
131
121
123
128
134
119
117
128
121
119
121
126
120
176
108
122
128
105
124
123
116
127
126
121
133
131
127
161
98
96
227
107
132
204
162
114
165
107
171
83
97
135
124
120
119
114
127
125
124
115
210
61
101
118
128
117
114
131
121
114
123
127
121
133
112
129
126
120
137
116
122
124
134
137
125
119
122
115
128
116
117
118
116
124
119
115
122
116
126
148
120
117
122
137
107
117
126
116
120
117
124
127
125
117
110
135
115
120
119
128
135
117
131
120
128
128
133
128
120
153
129
121
132
128
159
102
115
130
134
107
109
120
143
113
112
124
112
112
111
121
114
115
117
111
115
112
130
107
124
112
140
117
121
112
119
126
133
126
118
120
139
150
121
179
118
97
128
120
147
131
123
119
120
122
120
118
120
116
124
119
126
136
111
116
125
116
110
113
119
127
115
128
116
118
115
124
128
112
132
113
136
117
115
114
136
127
131
130
116
116
114
121
115
112
117
111
113
130
119
119
121
113
112
113
121
110
113
127
117
113
121
116
114
120
120
123
115
111
120
117
129
113
126
116
120
119
110
118
110
128
123
113
129
116
115
128
116
114
125
123
111
116
116
117
125
116
133
116
114
121
112
113
118
118
111
112
120
116
114
112
114
112
127
118
116
130
111
133
143
157
112
122
154
136
122
129
94
135
125
126
127
117
124
113
130
112
116
119
112
116
112
129
114
126
115
119
128
114
127
120
118
113
119
111
118
113
114
113
118
126
126
115
126
110
118
140
125
112
127
115
114
128
122
112
142
117
121
121
128
124
115
113
116
113
112
112
122
113
118
119
122
126
126
111
114
111
117
116
113
113
116
122
118
116
125
116
111
125
113
121
112
119
134
116
122
126
113
98
108
113
105
96
102
101
111
104
101
106
99
102
100
106
94
91
90
92
93
105
95
93
86
92
87
94
96
109
96
88
99
88
90
97
96
88
89
99
83
106
89
93
101
99
88
90
107
104
156
128
70
89
151
146
63
90
104
87
92
121
126
97
93
89
89
96
95
99
82
94
87
104
91
89
84
91
138
70
97
90
95
98
102
90
94
89
89
95
95
98
102
91
93
105
91
104
96
99
103
89
99
102
92
101
105
82
91
91
113
97
90
111
90
103
88
94
94
92
102
101
90
88
106
90
87
136
71
97
103
93
90
96
93
98
86
101
89
106
92
93
90
92
87
94
88
90
104
95
90
88
104
96
87
93
86
89
91
105
118
90
92
91
88
106
85
100
91
95
98
93
95
99
103
93
94
99
90
123
97
101
89
95
86
92
89
104
100
99
90
92
95
91
101
91
103
90
94
89
105
101
94
96
90
100
98
100
104
93
108
104
94
151
102
88
141
79
104
96
102
98
100
92
87
89
101
97
110
90
91
100
100
85
90
95
91
96
99
90
89
103
103
87
91
105
98
101
92
88
108
95
102
93
225
104
90
93
93
91
95
90
97
98
89
91
93
97
99
104
93
93
95
89
96
92
126
85
100
90
99
96
94
95
93
106
91
92
101
99
100
98
91
92
100
96
94
93
91
89
109
87
96
95
94
90
98
103
101
87
95
92
93
100
95
97
109
99
92
91
90
92
93
90
102
90
93
112
99
93
89
90
96
97
92
93
97
96
92
97
87
97
94
93
102
99
92
90
96
96
96
92
90
94
88
104
93
94
98
93
98
98
92
103
105
112
92
91
96
97
95
105
95
99
95
102
154
55
79
118
99
91
134
144
83
157
72
101
92
100
91
104
96
91
83
105
94
99
89
91
95
116
92
91
88
94
105
84
95
96
111
96
96
89
89
91
93
85
96
94
102
100
93
91
101
87
110
93
98
95
88
105
92
106
99
90
89
106
97
91
90
90
88
89
97
101
99
105
89
88
96
86
94
103
97
93
89
94
94
99
88
116
96
108
90
94
98
106
104
85
99
95
94
96
95
116
77
98
89
92
88
88
98
83
97
87
92
91
87
102
107
93
96
87
89
88
89
100
85
100
92
99
85
108
100
108
105
94
102
88
91
92
97
88
95
89
97
98
89
94
96
89
85
104
86
102
94
98
95
98
93
89
96
108
90
93
96
90
102
108
176
86
92
120
110
110
98
93
104
105
91
117
88
93
105
88
98
85
104
104
92
93
101
86
90
91
87
87
90
109
87
90
88
100
96
100
147
84
94
101
90
88
96
92
92
88
91
92
90
89
94
90
92
87
95
97
92
86
92
110
98
97
92
102
106
75
119
95
90
90
108
97
89
91
95
91
93
99
99
96
89
100
98
92
91
90
107
93
102
89
89
91
87
94
107
104
88
90
88
98
88
96
94
98
94
95
91
94
102
89
89
89
96
89
89
89
105
96
93
89
90
96
94
98
92
98
108
98
99
90
98
87
95
89
95
90
91
101
95
95
90
110
100
96
88
90
98
86
89
93
98
90
101
86
94
86
91
91
89
93
88
87
91
106
93
98
102
93
94
88
96
104
98
101
101
92
118
100
96
123
94
117
94
97
123
85
86
109
107
157
169
111
101
90
88
99
91
93
103
93
91
93
99
111
95
89
90
90
88
90
94
103
89
90
99
91
90
90
102
108
89
92
93
98
88
92
97
99
88
105
92
93
94
96
91
108
109
99
94
90
88
96
106
98
90
101
93
91
88
94
91
91
98
91
94
86
102
91
104
102
89
89
90
102
89
109
93
97
95
91
101
88
100
88
102
99
93
93
95
93
89
88
90
98
93
100
94
101
92
102
96
97
86
93
98
93
90
105
93
95
88
90
90
103
88
86
91
91
89
104
84
96
98
84
91
105
86
90
98
91
94
95
91
100
90
96
88
87
105
103
89
93
86
95
86
102
85
95
86
104
103
107
91
96
98
103
91
54
140
172
117
80
110
106
107
105
91
88
94
87
103
101
94
88
91
97
91
89
102
90
90
85
96
99
92
95
87
90
97
90
90
93
97
89
102
86
98
99
112
81
101
90
92
101
101
103
95
89
99
91
99
91
107
96
93
99
93
96
98
105
88
100
105
102
100
103
107
79
92
103
95
99
105
92
103
105
88
97
93
97
92
88
97
90
93
93
89
102
99
99
90
88
91
94
88
95
95
89
92
99
90
89
100
93
101
88
90
101
96
96
89
92
92
92
89
94
101
90
95
108
99
90
96
95
100
100
94
92
91
101
109
127
97
89
96
92
100
103
84
103
95
98
88
86
102
94
108
85
94
101
93
94
102
93
106
89
101
90
121
112
85
118
125
268
87
78
114
94
96
102
100
88
92
96
93
91
91
100
97
94
92
95
96
90
100
102
114
98
101
103
90
101
98
93
93
91
96
92
92
100
93
98
103
93
89
92
101
95
98
90
103
104
95
106
91
96
97
99
98
106
99
93
94
89
95
90
103
87
102
96
90
93
93
91
93
102
95
104
92
92
94
101
96
94
93
96
88
96
91
93
94
94
98
86
88
94
92
89
93
94
97
91
90
106
92
94
94
102
96
100
92
91
97
92
98
100
89
94
97
94
93
89
91
94
89
100
109
95
93
91
99
97
88
96
91
90
96
106
91
99
89
93
100
100
94
94
95
108
93
98
88
92
96
90
91
97
93
92
94
97
91
93
100
99
99
93
106
113
69
103
102
128
80
116
93
94
187
50
102
98
91
93
102
88
98
93
105
88
96
93
93
90
106
104
91
96
94
100
95
96
92
93
92
94
90
92
88
92
102
88
109
85
94
97
110
88
97
91
100
97
92
102
105
101
96
88
102
93
101
98
96
88
100
87
102
101
105
93
100
105
98
96
95
95
88
94
98
96
98
98
97
95
97
96
92
91
85
93
93
91
92
95
93
90
91
94
92
95
93
99
90
95
101
97
107
96
99
93
96
93
92
99
91
98
97
90
93
97
92
96
101
90
98
93
100
89
102
93
90
91
97
95
98
89
91
93
94
94
90
94
91
106
89
99
108
93
104
104
102
96
96
119
107
108
116
145
166
75
123
185
115
86
89
95
97
94
91
95
95
86
97
97
84
93
93
109
90
103
83
88
93
101
103
94
92
96
97
88
115
91
98
88
99
92
91
92
90
92
96
97
85
102
92
89
104
91
95
106
89
96
96
86
89
96
95
102
98
93
104
90
87
91
97
105
100
92
90
89
95
99
89
89
91
86
91
100
90
99
88
91
89
89
101
100
94
88
101
87
86
103
102
91
89
90
92
95
93
101
104
88
89
90
94
98
90
95
99
84
99
89
98
87
91
106
89
96
91
89
96
104
92
86
106
90
97
99
93
85
89
95
95
96
92
89
90
