1755
1780
1717
1732
1714
1721
2238
1690
1652
1726
1613
1525
1567
1529
1522
1517
1716
1620
1512
1556
1509
1492
1510
1540
1514
1533
1759
1510
1544
1635
1497
1537
1532
1510
1504
1519
1515
1686
1635
1525
1546
1535
1521
1513
1526
1525
1504
1710
1591
1584
1509
1538
1484
1513
1519
1515
1490
1524
1705
1582
1508
1535
1523
1528
1489
1510
1509
1508
1518
1647
1610
1550
1504
1527
1530
1528
1505
1539
1507
1670
1585
1575
1583
1535
1502
1538
1535
1498
1513
1534
2088
2098
1911
1930
1910
1971
1863
1952
4000
7633
2108
1923
1975
2496
1982
1817
1847
1715
1812
1964
1783
2138
2390
1720
1772
1770
1844
1662
1852
1961
2572
2053
1968
1764
1858
1663
2247
2705
3178
1975
1828
2007
1657
1934
1857
1489
1960
1892
1487
1483
1438
1455
1465
1504
1609
1663
1745
2334
1871
1969
2028
2209
2343
2553
2953
2498
2312
2323
2670
2522
2647
2847
2421
2389
2605
2440
2485
2796
2786
2415
2565
2490
2899
2914
2432
2430
2506
2474
2596
2215
3101
2343
2224
2448
2376
2475
3127
2880
2561
2419
2592
2387
2540
3102
2391
2588
2652
2537
2359
2905
1608
1554
1571
1559
1577
1560
1514
1541
1578
1640
1654
1571
1536
1524
1595
1551
1549
1542
1576
1537
1665
1707
1578
1585
1577
1549
1534
1532
1529
1550
1805
1529
1586
1534
1542
1563
1567
1526
1632
1527
1563
1678
1638
1552
1537
1549
1567
1550
1529
1573
1535
1755
1533
1606
1536
1570
1551
1559
1558
1612
1618
1544
1723
1551
1522
1553
1550
1518
1564
1505
1520
1543
1644
1545
1634
1505
1508
1511
1537
1520
1525
1552
1501
1715
1599
1519
1495
1539
1547
1564
1569
1684
1564
1787
1442
1583
1552
1530
1517
1545
1507
1525
1514
1539
1745
1528
1578
1524
1493
1545
1524
1534
1557
1514
1572
1688
1505
1538
1530
1546
1553
1522
1535
1505
1515
1856
1443
1619
1550
1517
1526
1516
1550
1519
1514
1570
1673
1575
1545
1527
1498
1559
1538
1527
1666
1522
1549
1711
1572
1517
1581
1518
1523
1573
1518
1495
1497
1939
1785
1557
1704
1600
1651
1676
1642
1621
1652
2141
1814
1652
1620
1684
1679
1637
1648
1654
1878
7735
6296
9862
2282
4766
5745
2236
1992
1882
2011
1965
1859
2659
2235
1994
2140
1924
2068
2121
2006
2706
1636
1525
1560
1585
1586
1779
1723
1568
1844
2124
1776
1653
1586
1947
2264
2378
2587
2749
2215
2387
2456
2576
2287
3095
2395
2645
2169
2220
2441
2507
2909
2501
2311
2384
2360
2385
3066
2491
2361
2299
2123
2534
2456
3149
2322
2526
2546
2157
2402
2334
2930
2311
2157
1510
1519
1499
1552
1528
1496
1676
1615
1508
1512
1527
1603
1516
1505
1530
1508
1541
1731
1422
1483
1440
1496
1444
1432
1451
1446
1641
2558
1877
1669
1771
1715
1662
2121
2170
1773
2239
1643
1739
1546
1555
1691
1684
1566
1683
1655
2508
1939
1639
1793
1670
1737
1733
1572
1410
1505
1588
1517
1412
1473
1745
1876
1835
1805
1923
2488
2122
1791
1822
1853
1848
1845
1954
2174
2265
2061
1844
1971
1711
1867
1841
1849
2716
1810
1928
1791
2095
2416
2454
2932
2531
2265
2460
2387
2061
2419
2841
2507
2289
2403
2076
2215
2212
2926
2443
2380
2424
2499
2585
2666
2685
2247
2678
2141
2381
2563
2299
2875
2406
2276
2256
2185
2329
2803
2496
2518
2074
2506
2217
2432
2759
2510
2245
2390
2319
2366
2161
2433
1542
1485
1539
1525
1492
1506
1515
1465
1498
1486
1796
1467
1486
1500
1513
1497
1526
1484
1498
1489
1491
1653
1636
1579
1465
1498
1507
1497
1489
1543
1499
1769
1856
1474
1518
1628
1591
1556
1499
1574
1526
1648
2184
1559
1603
1538
1488
1488
1588
1572
1551
1561
1782
2296
2245
3125
1781
1514
1656
1608
1782
1748
1557
1516
1612
1567
1565
1578
1567
1543
1896
1959
1663
1990
1711
1497
1637
1495
1490
1482
1665
1545
1550
1484
1513
1500
1489
1492
1480
1528
1503
1615
1613
1497
1493
1505
1488
1487
1480
1533
1463
1510
1825
1535
1525
1498
1466
1494
1524
1492
1472
1499
1558
1641
1555
1526
1504
1482
1506
1471
1484
1527
1472
1691
1592
1547
1486
1483
1538
1487
1585
1515
1474
1552
1608
1641
1424
1493
1513
1503
1498
1512
1506
1488
1496
1602
1562
1566
1491
1478
1537
1499
1499
1679
1531
1455
1660
1394
1418
1387
1399
1454
1380
1392
1660
1801
2136
2293
1808
1831
1707
1752
1787
1717
1756
1960
2481
1816
1730
1722
1854
1818
1851
1830
2189
2362
2042
2005
1951
2164
2164
2076
2738
2246
2179
2011
1962
2071
2068
2749
2143
1926
1388
1388
1428
1390
1408
1412
1419
1394
1564
1527
1414
1419
1406
1449
1393
1406
1514
1588
1566
1841
1523
1478
1488
1520
1424
1454
1540
1499
1515
1629
1550
2040
1603
1476
1465
1506
1474
1470
1688
1491
1641
1857
1558
1568
1525
1501
1482
1487
1536
1497
1576
2096
1621
1460
1616
1472
1482
1528
1487
1496
1555
1655
1914
1552
1505
1520
1539
1579
1432
1478
1534
1540
2014
1602
1550
1569
1583
1475
1527
1596
1474
1489
1757
1636
1468
1469
1492
1464
1509
1472
1481
1503
1501
1814
1430
1531
1452
1489
1480
1476
1480
1470
1488
1468
1855
1777
1695
1672
1660
1633
1668
1797
1633
1661
2433
1648
1652
1628
1631
1608
1589
1538
1638
2116
1695
1685
1619
1575
1629
1527
1602
1673
1561
2027
1849
1611
1628
1667
1582
1583
1602
1576
1631
2285
1665
1587
1632
1590
1834
1643
1642
1646
1735
2164
1756
1676
1666
1678
1661
1643
1668
1728
2197
1972
1704
1697
1746
1651
1634
1701
1649
2167
1979
1769
1686
1679
1805
2217
2222
2079
3266
2366
2288
2052
2164
2412
2168
2781
2325
2373
2238
2275
1848
1458
1441
1670
1404
1429
1439
1462
1436
1428
1460
5477
2950
3332
2049
1738
1352
2741
2841
729
1186
3905
2997
1221
1831
1917
2517
3072
2275
1738
1967
1579
1551
1566
1598
1713
1766
1514
1495
1456
1531
1545
1502
1545
1452
1575
1981
1705
1534
1590
1522
1568
1536
1588
1515
1770
2124
1642
1606
1619
1546
1549
1507
1531
1629
1619
2215
1623
1525
1447
1531
1621
1545
1520
1613
1652
2120
1792
1541
1542
1614
1562
1569
1674
1554
1507
2216
1603
1548
1659
1533
1536
1543
1551
1530
1598
2049
1767
1631
1560
1555
1735
1601
1568
1606
1667
2062
1789
1578
1532
1595
1588
1554
1600
1603
1577
2185
1573
1534
1675
1588
1967
2457
2052
2415
2794
2402
2100
2199
2354
1946
1438
1668
1455
1458
1423
1449
1456
1408
1438
1483
1444
1443
1766
1409
1499
1425
1462
1418
1458
1464
1433
1461
1450
1528
1591
1445
1450
1415
1448
1485
1425
1419
1436
1453
1433
1675
1517
1465
1426
1456
1426
1426
1442
1483
1431
1446
1780
1542
1442
1459
1448
1441
1448
1449
1432
1452
1463
1682
1402
1485
1453
1445
1414
1505
1454
1428
1424
1440
1480
1565
1482
1370
1371
1356
1402
1666
1548
1632
1621
1789
2118
1719
1610
1699
1591
1624
1643
1631
1660
2360
1708
1696
1697
1607
1620
1575
1574
1661
1991
1871
1740
1689
1640
1744
1493
1556
1619
1467
1637
2038
1750
1529
1582
1525
1648
1607
1576
1539
1561
2638
1570
1608
1557
1600
1569
1576
1917
1771
1712
1994
1641
1517
1524
1570
1519
1472
1608
1530
1944
1869
1608
1682
1997
1460
1376
1414
1383
1408
1398
1825
1270
1378
1401
1378
1403
1412
1340
1382
1364
1830
2631
2267
1956
2150
1989
2039
2127
1980
2836
2126
2045
1938
1959
1878
2240
2820
2145
2056
2012
1864
2183
2006
1970
2761
2143
1924
1933
1473
1388
1415
1422
1363
1414
1456
1517
1415
1392
1406
1413
1370
1409
1417
1387
1380
1391
1702
1344
1380
1399
1422
1394
1370
1418
1401
1383
1417
1933
1619
1495
1466
1517
1454
1454
1463
1437
1478
1551
2074
1504
1502
1445
1471
1429
1535
1457
1483
1556
2194
1642
1668
1447
1460
1514
1484
1416
1556
1439
1476
2013
1654
1472
1470
1554
1483
1552
1499
1438
1463
1518
2081
1549
1516
1479
1489
1497
1473
1499
1513
1485
1978
1536
1607
1564
1336
1342
1338
1332
1329
1350
1336
1618
2312
1593
1524
1594
1556
1548
1601
1438
1530
1642
2075
1676
1575
1526
1459
1874
2290
2256
2371
2681
2377
2183
2182
2126
2239
2015
2842
2171
2231
2182
2078
2255
1882
2770
2303
2174
1963
2317
2087
2463
2430
2665
2219
2416
2025
2384
2193
2591
2786
2228
2146
2185
2358
2208
2878
2321
2078
2010
2152
2257
2361
2267
2807
2020
2313
2345
2198
2072
2165
2349
1371
1417
1411
1453
1401
1417
1411
1405
1424
1409
1678
1404
1464
1461
1440
1452
1423
1443
1412
1402
1445
1427
1588
1459
1480
1433
1413
1425
1436
1518
1541
1417
1411
1566
1421
1582
1399
1419
1395
1379
1410
1405
1406
1396
1640
1331
1416
1419
1412
1426
1461
1427
1386
1396
1395
1379
1568
1361
1394
1394
1386
1395
1381
1372
1389
1405
1392
1385
1656
1274
1437
1394
1424
1396
1406
1408
1405
1396
1383
1405
1603
1463
1409
1376
1392
1385
1423
1410
1399
1409
1383
1567
1421
1622
1385
1397
1459
1374
1397
1380
1395
1392
1479
1511
1353
1417
1421
1429
1377
1397
1400
1382
1393
1392
1551
1426
1380
1409
1401
1390
1382
1410
1384
1400
1405
1385
1539
1424
1527
1393
1389
1424
1419
1390
1403
1434
1372
1399
1613
1397
1389
1368
1415
1378
1383
1398
1407
1369
1368
1572
1445
1549
1437
1398
1397
1388
1372
1372
1384
1401
1400
1728
1374
1459
1367
1386
1406
1360
1393
1452
1386
1375
1590
1746
1719
1582
1692
1589
1533
1589
1522
1526
1727
2229
1519
1603
1544
1533
1650
1555
1523
1585
1888
1894
5621
7610
11012
2909
5212
4151
1792
1701
1945
1782
2026
2075
2520
2001
1862
1299
1320
1288
1299
1301
1356
1323
1566
1318
1362
1316
1330
1328
1305
1358
2025
1885
1857
2592
2176
1951
1791
1680
1350
1339
1334
1348
1325
1734
1529
1273
1317
1315
1325
1317
1312
1349
1309
1300
1302
1479
1369
1348
1356
1286
1349
1324
1326
1295
1351
1288
1297
1538
1352
1331
1361
1333
1341
1421
1318
1310
1300
1301
1331
1428
1489
1299
1309
1347
1321
1327
1341
1299
1557
1604
1692
2218
1819
1623
1594
1604
1531
1609
1608
1644
1630
2212
1697
1594
1653
1664
1519
1588
1574
1519
2207
1759
1746
1708
1650
1649
1656
1618
1620
1560
2089
1382
1369
1373
1374
1355
1386
1348
1401
1408
1378
1361
1609
1470
1369
1332
1397
1361
1357
1393
1364
1413
1397
1393
1635
1310
1376
1370
1378
1388
1368
1368
1365
1356
1390
1391
1555
1343
1454
1379
1371
1373
1370
1360
1360
1400
1387
1493
1465
1422
1377
1357
1385
1359
1365
1362
1343
1343
1362
1680
1263
1421
1388
1361
1360
1389
1397
1375
1366
1398
1509
1560
1327
1452
1345
1347
1381
1357
1378
1360
1412
1386
1397
1538
1520
1343
1520
1498
1353
1337
1365
1381
1375
1378
1463
1475
1313
1430
1392
1349
1366
1376
1331
1341
1351
1383
1451
1563
1580
1294
1343
1359
1361
1336
1363
1374
1347
1309
1386
1593
1231
1325
1307
1355
1350
1355
1367
1339
1348
1319
1679
1338
1431
1351
1324
1326
1331
1382
1334
1349
1344
1351
1484
1386
1412
1352
1343
1332
1347
1349
1356
1330
1383
1321
1402
1429
1375
1379
1350
1372
1336
1345
1339
1352
1345
1344
1429
1728
1217
1333
1342
1332
1330
1358
1368
1353
1322
1341
1340
1742
1829
1631
1511
1607
1527
1548
1580
1640
1696
2261
1855
1528
1631
1578
1522
1682
1539
1596
1816
2104
1695
1638
1560
1590
1641
1605
1586
1575
1522
2201
1782
1545
1524
1304
1303
1296
1296
1308
1304
1311
1511
1361
1298
1304
1307
1291
1284
1283
1860
1864
1761
2788
2067
1858
2115
2090
1862
1937
1888
2560
1980
1290
1282
1277
1310
1267
1276
1317
1299
1447
2964
2349
2365
2293
1417
1381
1405
1380
1392
1626
2762
867
1002
1351
1558
1612
1655
1538
1614
1605
1762
1812
1511
1365
1384
1378
1356
1357
1425
1338
1338
1594
1593
1422
1345
1425
1360
1402
1337
1484
1707
2054
2625
1770
1920
1797
1906
1849
1831
1808
2462
1993
1965
1765
1920
2068
1772
1987
2234
2580
2147
1998
2006
1994
2113
2196
2743
2269
2090
2322
2145
1974
2232
2503
1402
1415
1362
1343
1345
1381
1334
1327
1417
1329
1355
1776
1532
1052
1310
1300
1331
1319
1353
1323
1336
1318
1307
1593
1218
1357
1313
1313
1326
1333
1307
1311
1319
1314
1332
1312
1519
1321
1340
1310
1310
1339
1338
1303
1334
1447
1418
1311
1452
1359
1344
1301
1350
1338
1320
1336
1354
1307
1329
1345
1838
1249
1334
1325
1309
1324
1306
1341
1324
1315
1311
1346
1333
1395
1375
1317
1330
1316
1320
1334
1312
1318
1363
1299
1310
1533
1322
1334
1303
1313
1301
1315
1314
1317
1322
1313
1320
1795
1058
1414
1326
1320
1305
1306
1326
1328
1338
1424
1321
1443
1369
1377
1340
1300
1366
1363
1354
1317
1314
1340
1317
1442
1481
1389
1333
1311
1356
1320
1320
1312
1368
1310
1322
1303
1551
1276
1314
1326
1308
1324
1321
1337
1317
1301
1316
1335
1471
1351
1355
1336
1313
1306
1361
1316
1307
1327
1329
1297
1325
1593
1358
1329
1342
1353
1324
1310
1321
1334
1451
1325
1363
1489
1344
1358
1356
1293
1331
1331
1304
1311
1321
1321
1362
1607
1241
1296
1255
1261
1263
1271
1242
1377
1683
1599
1863
1982
1639
1609
1720
1618
1601
1614
1743
1555
2177
1918
1575
1633
1600
1665
1701
1720
1593
1631
2195
1975
1605
1610
1766
1598
1690
1696
1695
2306
1961
1671
1615
1766
1732
1720
1552
1619
2671
1893
1547
1619
1559
1588
1588
1540
1502
1508
1755
2017
1651
1588
1515
1505
1624
1479
1578
1551
2063
1705
1723
1554
1482
1523
1414
1278
1310
1277
1296
1284
1638
2555
3698
2208
3405
2006
2994
1335
2012
689
1286
2436
1296
1193
980
1844
1569
1775
1435
1531
1809
2049
1690
1640
1572
1741
1657
1551
1630
1286
1342
1342
1300
1278
1272
1300
1310
1289
1291
1362
1374
1328
1290
1377
1284
1300
1287
1305
1284
1307
1302
1506
1270
1314
1311
1272
1296
1290
1289
1301
1294
1289
1320
1463
1255
1389
1309
1307
1276
1301
1278
1275
1296
1323
1283
1286
1393
1326
1233
1239
1229
1219
1397
1545
1472
1573
1511
1507
2224
1686
1805
1629
1563
1604
1685
1629
1610
1664
2373
1822
1675
1586
1734
1622
1672
1642
1556
2241
1903
1563
1611
1709
1531
1637
1641
1561
1547
2488
1692
1600
1672
1619
1556
1568
1632
1572
18540
12126
4718
4889
2079
1868
1941
1696
1706
1186
1800
3579
4358
4410
2064
2272
2092
1731
1813
1736
1812
1650
1748
1622
2912
2176
1998
2202
2116
1953
2196
2184
2514
1660
1937
1962
1791
2119
2096
2123
2816
1897
2003
2055
2070
2064
1946
1870
2907
2017
2258
2186
2157
2122
1766
2765
2154
1907
2027
2109
1902
1876
2201
2290
1166
1254
1301
1283
1272
1272
1279
1262
1263
1266
1253
1443
1260
1301
1326
1290
1270
1245
1292
1298
1254
1284
1283
1287
1272
1381
1525
1240
1281
1279
1285
1245
1283
1273
1284
1248
1271
1393
1327
1290
1266
1319
1254
1273
1279
1264
1290
1274
1278
1282
1438
1262
1246
1281
1232
1303
1266
1290
1268
1269
1269
1283
1349
1262
1324
1317
1252
1256
1290
1302
1245
1271
1298
1261
1247
1275
1505
1239
1282
1265
1270
1274
1259
1259
1301
1254
1252
1285
1500
1324
1252
1361
1254
1244
1296
1307
1280
1259
1276
1322
1278
1459
1317
1263
1285
1256
1261
1300
1280
1256
1265
1286
1263
1257
1445
1275
1312
1264
1264
1286
1260
1265
1303
1276
1251
1316
1308
1361
1317
1254
1286
1253
1276
1287
1299
1240
1272
1244
1283
1425
1217
1296
1371
1272
1269
1274
1264
1254
1277
1297
1258
1267
1540
1646
1263
1272
1309
1229
1260
1259
1289
1318
1260
1299
1282
1431
1297
1300
1331
1251
1252
1257
1259
1248
1247
1260
1270
1418
1205
1344
1317
1248
1278
1270
1309
1341
1310
1263
1243
1267
1247
1399
1243
1194
1205
1184
1226
1184
1171
1194
1195
1502
1526
2541
1674
1575
1753
1431
1622
1613
1531
1518
1642
2169
1535
1632
1552
1656
1593
1459
1504
1556
1548
2056
1672
1591
1443
1547
1461
1435
1452
1580
1494
1529
2341
1697
1562
1777
1564
1491
1607
1478
1606
1659
2151
1580
1713
1585
1608
1591
1575
1509
1559
1501
2240
1764
1545
1524
1592
1514
1505
1628
1553
1543
2178
1767
1607
1738
1468
1385
1207
1218
1206
1225
1208
1389
1185
1264
1216
1212
1231
1214
1393
1240
1236
1218
1239
1200
1496
1097
1247
1199
1219
1206
1256
1204
1221
1262
1216
1206
1229
1205
1381
1167
1254
1185
1202
1218
1233
1230
1178
1208
1191
1194
1204
1425
1201
1217
1220
1217
1223
1201
1201
1226
1224
1241
1224
1231
1266
1310
1260
1210
1222
1179
1192
1219
1220
1218
1225
1200
1201
1205
1370
1172
1342
1225
1327
1361
1294
1287
1350
1234
1297
1203
1215
1469
1246
1210
1268
1205
1182
1210
1197
1196
1217
1194
1212
1180
1284
1273
1236
1180
1202
1156
1230
1220
1166
1123
1148
1164
1157
1143
1216
1326
1172
1144
1139
1177
1156
1146
1153
1144
1144
1178
1128
1158
1373
1182
1135
1190
1154
1169
1145
1144
1144
1144
1140
1149
1148
1150
1198
1249
1230
1373
1487
1220
1288
1280
1292
1280
1228
1337
1464
1818
1350
1500
1234
1219
1266
1248
1310
1249
1315
1203
1256
1277
2052
1437
1310
1347
1306
1347
1361
1363
1336
1327
1335
1736
1629
1403
1386
1302
1322
1244
1380
1288
1314
1291
1313
1492
1827
1530
1369
1289
1368
1325
1229
1200
1223
1225
1216
1219
1418
1317
1274
1328
1306
1314
1244
1339
1305
1204
1206
1217
1218
1396
1160
1223
1220
1224
1195
1229
1238
1210
1207
1227
1253
1233
1395
1202
1338
1233
1218
1212
1240
1203
1224
1209
1254
1216
1249
1464
1260
1240
1269
1214
1238
1197
1193
1215
1213
1223
1206
1210
1456
1198
1258
1242
1200
1215
1218
1244
1243
1226
1233
1222
1195
1417
1150
1284
5417
2526
2879
1928
1230
3371
2107
2707
2185
1426
1715
821
1816
2039
1865
2454
1826
1518
1623
1559
1749
1403
1320
1644
1359
1270
1375
1576
1323
1249
1341
1248
1168
1207
1428
1677
1269
1222
1358
1199
1198
1195
1202
1169
1206
1192
1216
1347
1131
1193
1283
1211
1168
1181
1231
1190
1191
1187
1185
1166
1198
1381
1222
1187
1199
1204
1206
1181
1192
1200
1322
1190
1192
1195
1204
1313
1212
1250
1202
1179
1190
1203
1209
1157
1179
1175
1184
1212
1414
1110
1227
1199
1192
1202
1203
1232
1174
1193
1182
1202
1190
1210
1378
1301
1183
1213
1209
1305
1302
1189
1189
1238
1209
1185
1183
1461
1278
1298
1222
1248
1201
1168
1182
1214
1194
1194
1169
1208
1279
1334
1221
1244
1192
1198
1202
1221
1324
1167
1194
1215
1169
1194
1446
1246
1089
1190
1213
1208
1209
1198
1221
1218
1171
1188
1204
1335
1202
1256
1239
1207
1179
1201
1196
1201
1201
1167
1281
1356
1128
1355
1173
1164
1184
1173
1181
1164
1193
1159
1148
1165
1191
1165
1156
1401
1158
1061
1211
1171
1165
1190
1176
1157
1145
1156
1150
1180
1141
1320
1177
1248
1192
1199
1139
1161
1293
1169
1155
1167
1151
1171
1176
1420
1605
1482
1388
1443
1545
1341
1407
1497
1443
1368
2051
1536
1495
1423
1479
1462
1359
1386
1524
1345
1415
2290
1438
1437
1414
1474
1429
1405
1527
1365
1430
1480
2037
1562
1691
1515
1413
1529
1442
1505
1506
1377
1434
2157
1407
1451
1443
1485
1480
1438
1475
1371
1499
1489
2218
1557
1491
1418
1491
1600
1459
1486
1372
1527
1998
1554
1507
1366
1391
1354
1508
1435
1427
1558
1421
1666
1189
1085
1144
1123
1092
1142
1111
1120
1166
1177
1141
1173
1190
1323
1156
1145
1163
1158
1173
1163
1165
1177
1175
1160
1164
1156
1200
1425
1081
1177
1268
1160
1152
1177
1180
1167
1147
1168
1160
1188
1181
1151
1674
1207
942
1187
1155
1146
1131
1139
1138
1296
1150
1151
1137
1161
1326
1119
1143
1208
1133
1137
1138
1133
1167
1148
1149
1120
1270
1318
1111
1194
1198
1182
1141
1131
1160
1122
1166
1132
1140
1192
1147
1139
1268
1158
1136
1121
1135
1163
1150
1143
1130
1135
1145
1139
1138
1172
1272
1140
1160
1146
1177
1121
1148
1120
1170
1163
1148
1133
1134
1125
1127
1259
1124
1084
1073
1073
1062
1070
1091
1139
1063
1059
1093
1078
1068
1070
1306
1157
1283
1453
1328
1387
1350
1242
1337
1311
1322
1341
2110
1451
1265
1390
1273
1181
1197
1314
1270
1222
1215
1365
2036
1346
1273
1239
1266
1221
1403
1201
1241
1226
1281
1233
1530
1925
1434
1329
1344
1340
1337
1324
1348
1364
1317
1290
1924
1403
1309
1280
1383
1264
1314
1406
1309
1264
1316
1458
1867
1348
1331
1114
1080
1082
1071
1128
1059
1087
1080
1246
1293
1290
1955
1432
1380
1267
1253
1270
1396
1935
1956
1632
1934
2467
1534
1840
1923
1531
1751
1703
1734
1759
2307
2027
1997
1625
1778
1753
2003
1717
2096
2137
1776
1753
1691
1579
1725
1636
1708
1718
2490
1597
1668
1958
1724
1649
1646
1824
1742
2415
1652
1729
1743
1896
1865
1868
1801
1779
2510
1727
1596
1917
1750
1698
1769
1943
1974
2393
1976
1901
1745
1792
1628
1691
1756
1703
1797
1152
1162
1120
1113
1131
1151
1149
1189
1120
1127
1090
1091
1119
1284
1157
1141
1122
1120
1139
1124
1125
1128
1120
1127
1112
1117
1124
1333
1044
1135
1144
1134
1102
1121
1142
1124
1097
1118
1100
1101
1138
1268
1181
1141
1197
1094
1110
1128
1136
1125
1094
1121
1136
1121
1130
1112
1507
1172
1000
1115
1104
1139
1133
1086
1115
1128
1109
1100
1108
1078
1244
1217
1040
1156
1147
1160
1096
1106
1118
1151
1091
1123
1109
1118
1116
1398
1047
1127
1174
1123
1118
1108
1198
1113
1129
1126
1123
1129
1123
1175
1465
1501
1168
1184
1121
1219
1102
1088
1151
1239
1290
1239
1134
1150
1349
1394
1083
1220
1073
1092
1154
1179
1113
1116
1138
1130
1233
1082
1400
1281
1340
1089
1100
1092
1165
1164
1081
1077
1158
1104
1189
1348
1357
1131
1145
1114
1289
1159
1072
1084
1098
1294
1073
1151
1179
1328
1341
1109
1119
1149
1126
1106
1059
1075
1196
1075
1076
1109
1123
1075
1110
1212
1151
1121
1090
1095
1133
1184
1080
1074
1089
1101
1107
1087
1078
1211
1129
1089
1067
1091
1080
1095
1085
1080
1100
1109
1073
1095
1077
1273
1128
1082
1268
1084
1085
1100
1095
1096
1102
1075
1081
1089
1088
1129
1079
1199
1084
1021
1026
1029
1027
1286
1436
1307
1352
1423
1350
1351
1928
1482
1522
1390
1339
1392
1398
1364
1388
1309
1445
2045
1382
1379
1411
1370
1329
1507
1345
1316
1457
1293
1396
1930
1368
1398
1266
1313
1804
1381
1285
1394
1290
1347
1925
4266
7548
11313
1624
2059
4275
4536
1484
1294
1385
1354
1407
1238
1406
1288
1429
1873
1238
1415
1321
1272
1673
1316
1103
1159
1048
1078
1072
1112
1080
1254
1163
1081
1056
1073
1075
1101
1078
1075
1077
1049
1081
1065
1061
1105
1154
1101
1131
1065
1063
1064
1055
1062
1082
1073
1071
1069
1075
1087
1155
1085
1120
1079
1102
1053
1060
1103
1058
1060
1073
1057
1075
1052
1068
1060
1251
1091
1064
1040
1051
1070
1103
1072
1059
1049
1082
1074
1057
1052
1199
1251
1061
1087
1078
1116
1047
1075
1059
1093
1046
1056
1076
1057
1078
1052
1256
1027
1051
1127
1040
1069
1055
1073
1056
1062
1059
1066
1083
1054
1075
1066
1271
1070
1063
1050
1052
1084
1082
1072
1068
1092
1102
1058
1082
1061
1102
1297
871
1051
1049
1025
1107
1034
1008
988
1078
1020
1032
994
1089
1038
1092
1209
1057
1149
1080
1015
1012
1010
1107
980
988
967
996
979
1473
1532
2057
1488
1429
1450
1379
1495
1339
1459
1340
1367
1498
2097
1424
1464
1445
1533
1490
1479
1327
1486
1483
1412
2066
1523
1487
1507
1546
1384
1467
1450
1436
1394
1412
2238
1518
1337
1418
1343
1253
1482
1605
1435
1524
1650
2165
1491
1378
1469
1243
1329
1414
1449
1554
1496
2085
1463
1760
1469
1302
1422
1423
1034
1039
1072
1037
1070
1024
1261
926
1080
1021
1039
1032
1062
1036
1203
1040
1043
1016
1021
1028
1026
1054
1281
963
1070
1057
1057
1006
1020
1031
1045
1050
1080
1051
1038
1041
1057
1295
931
1036
1126
1021
1034
1062
1076
1052
1021
1037
1051
1085
1031
1046
1047
1127
1100
1036
1019
1035
1041
1062
1027
1062
1033
1061
1039
1035
1030
1034
1077
1176
1046
1052
1094
1035
1048
1030
1051
1179
1027
1073
1011
1018
1024
1021
1006
1184
959
1059
1007
1022
1041
1015
1178
1032
1014
1000
1025
1035
1011
1006
1182
1035
967
1031
1031
1003
1044
1012
1028
1024
1024
1027
1005
1006
1019
1016
1027
1242
894
955
952
977
1096
1074
1103
1174
1096
1102
1066
1142
1157
1119
1689
1159
1332
1099
1082
1146
1188
1045
1158
1071
1236
1110
1080
1093
1804
1130
1115
1105
1122
1114
1091
1147
1151
1132
1056
1081
1096
1110
1579
1224
1210
1176
1161
1081
1088
1101
1168
1063
1075
1191
986
948
948
1327
1146
997
967
950
976
1060
1196
1172
1133
1116
1255
1182
1222
1162
1891
1288
1225
1160
1231
1170
1146
1147
1175
1187
1162
1140
1190
1488
1532
1161
1214
1148
1168
1182
1398
1300
1150
1168
1159
1147
1701
1218
1318
1180
1275
1124
1172
1118
952
954
956
957
942
965
957
1165
957
930
953
952
954
957
992
952
956
961
960
957
941
943
941
967
1053
927
1019
1096
969
965
952
1000
989
980
937
1071
1015
992
1047
1012
1212
1141
1011
977
998
1008
959
1126
989
985
974
1045
1036
984
1028
980
1039
1441
961
1004
971
1014
993
979
979
1031
993
977
936
948
947
954
939
1370
1126
979
998
975
970
991
1058
1028
944
1007
962
1018
990
958
970
1070
1255
1040
1005
985
967
997
1019
966
979
981
977
923
957
944
992
1128
1305
1109
1119
1029
1009
931
965
964
989
1036
977
950
968
949
964
1016
1116
1409
1450
1118
1156
1126
1196
1207
1094
1104
1121
1197
1089
1155
1745
1228
1180
1154
1112
1133
1136
1154
1104
1098
1134
1099
1074
1105
1761
1063
1132
1125
1082
1058
1126
1126
1166
1180
1127
1072
1134
1153
1658
1208
1268
1073
1160
1205
1130
1175
1126
1152
1161
1224
1217
1281
1663
1134
1130
1196
1104
1138
1085
1116
1109
1183
1062
1142
1151
1314
962
963
929
913
907
894
913
902
899
906
939
1021
969
1018
999
1028
1038
1303
1172
969
968
999
986
982
940
1031
999
960
1021
992
1011
981
976
1168
1283
1107
1049
965
957
984
980
1056
1005
975
977
976
967
958
963
1054
1185
802
985
966
1000
1006
953
943
949
953
995
940
956
953
937
1002
1192
850
977
984
1041
970
944
967
965
952
986
1003
965
1025
1038
943
940
1259
885
960
948
943
935
920
976
944
914
954
950
929
987
939
939
941
1153
893
925
967
968
941
970
927
939
933
938
946
950
938
924
962
947
1003
1021
979
942
945
942
925
946
950
955
942
941
956
976
970
962
931
1140
914
966
977
986
947
920
958
936
959
933
941
951
953
944
926
936
939
1043
1194
773
944
950
941
971
951
925
944
928
943
939
960
930
912
1115
1103
841
914
922
920
907
901
895
895
901
968
980
960
1153
1079
892
897
896
937
949
954
916
932
938
926
1038
1093
1077
1724
1077
1042
1071
1056
1048
1089
1081
1103
1119
1063
975
1135
1011
1233
1779
943
1080
1365
1303
978
1069
1080
1082
1002
1058
1104
1020
1089
1494
1246
1151
1175
1130
1026
1072
1048
1044
1045
1069
1082
1074
1076
1108
1589
1158
1129
1100
1119
1174
1032
1232
1056
1019
1096
1042
1108
1076
1156
7313
5769
1634
520
1506
932
1080
814
586
226
174
624
186
235
247
198
103
135
384
171
431
266
327
139
374
236
250
297
213
189
206
173
110
66
127
91
96
523
1266
1027
1114
1595
3329
2847
2663
1437
1091
943
981
962
932
993
975
1545
1042
1162
1098
955
981
975
963
1003
995
1092
1034
1084
1056
1090
1228
1259
1110
1073
1029
993
1121
1049
1025
1032
973
1053
1072
1128
1084
1150
1328
1127
1158
1078
1173
1118
1065
1086
1063
1046
1037
1081
1095
1050
1056
1404
1171
1114
1082
1035
1015
1063
1094
1089
1060
1108
1200
1039
1078
1180
1485
1033
1164
1018
954
934
960
1010
1001
1008
972
1048
966
1045
959
1044
1361
992
1036
968
988
974
993
1242
1185
963
935
977
1015
966
1001
1119
1220
810
939
898
902
888
917
884
870
869
888
889
875
882
888
893
859
909
993
877
955
899
896
882
882
898
913
896
924
880
890
869
886
890
870
955
1032
832
907
918
871
890
894
907
900
882
875
881
882
888
912
879
890
882
1227
841
877
861
884
893
886
913
899
889
902
890
895
870
915
883
888
875
1013
902
932
886
965
936
881
900
872
916
884
895
868
886
878
898
870
900
1268
762
822
866
875
861
848
878
864
858
853
857
869
861
851
899
852
875
863
865
1048
930
800
913
891
863
902
861
837
863
872
861
861
848
847
867
865
853
1020
775
904
913
881
894
861
856
860
852
887
880
844
890
881
888
858
872
967
1165
628
950
961
778
848
852
854
863
865
858
884
860
868
890
851
846
871
941
1171
719
779
902
887
867
857
862
853
903
854
847
881
843
856
865
863
872
932
950
804
893
838
884
869
855
876
856
849
880
865
837
862
865
842
883
853
1007
917
896
901
925
840
862
874
854
864
840
844
848
861
856
877
853
851
861
957
907
892
840
846
852
851
854
975
898
876
848
841
859
852
837
806
826
1019
920
931
851
835
877
900
832
829
830
835
824
838
830
822
821
847
832
854
845
829
1043
761
887
878
853
852
833
848
851
843
825
829
813
847
827
872
841
825
821
820
978
778
813
815
780
815
789
899
976
965
932
1023
970
936
922
995
977
1223
1350
945
1118
933
955
948
979
973
897
961
923
912
970
946
955
978
1349
1064
1015
987
948
931
964
1005
929
990
885
954
919
916
1024
1004
966
1501
945
970
1135
1165
910
932
882
896
898
902
928
947
930
898
899
935
1227
1155
855
883
895
909
1149
961
927
878
895
843
889
904
870
882
882
856
1289
948
918
919
890
889
875
896
882
949
853
911
881
876
868
875
886
864
1267
1010
991
983
864
878
890
886
861
886
880
873
888
851
888
892
900
879
1178
1059
982
879
888
875
860
840
873
882
770
790
769
804
782
787
775
791
991
796
772
804
804
790
783
768
773
779
767
788
778
794
897
774
779
771
786
780
795
901
808
769
795
773
787
781
778
769
785
764
771
773
783
768
781
796
774
790
767
784
932
751
822
800
807
779
765
773
811
773
782
809
838
819
787
767
755
756
744
768
767
743
1026
1027
815
835
775
785
745
816
742
785
837
755
805
765
768
767
800
786
806
834
897
835
798
742
772
762
758
763
762
747
758
749
762
740
763
786
750
734
777
764
752
789
970
688
787
760
741
745
805
759
745
884
753
765
764
749
788
757
748
740
756
757
803
834
767
792
774
774
744
739
747
746
757
767
751
759
748
808
779
820
766
761
753
938
727
788
811
865
812
796
793
797
877
802
809
793
790
759
776
771
759
772
762
749
987
678
823
786
775
743
768
772
753
762
763
756
774
786
751
768
743
758
751
748
824
794
1161
789
764
826
767
778
735
756
750
782
776
762
760
767
773
800
742
796
738
761
900
699
745
831
761
746
750
762
752
924
759
768
746
755
750
767
787
746
757
744
756
798
971
746
757
737
761
778
771
814
764
757
781
803
787
785
752
747
766
749
802
788
779
957
627
797
777
768
776
744
761
751
757
745
778
787
782
792
747
750
743
745
734
740
741
976
577
782
754
748
727
716
749
739
731
742
733
730
750
744
748
746
721
735
732
732
793
876
673
752
770
741
730
738
743
733
744
730
730
721
760
760
726
738
757
735
756
787
779
868
694
771
751
730
773
740
746
848
733
724
735
722
737
737
737
723
738
748
733
740
740
963
659
769
755
755
772
724
764
720
756
714
741
755
723
736
736
765
769
778
776
757
733
1046
695
605
734
737
717
709
711
698
717
701
727
700
718
731
716
734
722
698
709
694
697
787
746
733
718
721
717
699
692
714
703
713
698
697
707
684
712
700
736
711
710
703
711
709
690
943
538
783
703
700
717
704
704
711
718
700
711
689
709
733
712
707
705
717
700
706
707
824
767
663
683
742
736
707
716
839
720
714
723
703
707
691
733
704
697
718
701
709
714
724
758
808
652
764
712
720
691
703
684
707
721
705
704
724
697
716
714
691
715
745
721
712
715
715
857
653
699
746
684
688
691
673
667
695
673
666
718
674
665
668
685
694
670
683
687
676
684
811
659
711
677
716
711
674
690
689
803
834
816
800
828
841
788
833
826
834
802
871
1101
1177
846
808
806
829
788
829
798
825
846
807
804
827
840
872
857
1024
845
952
1185
823
905
916
772
771
800
773
798
943
783
775
776
807
856
763
821
796
766
1300
922
745
770
819
796
821
830
754
797
760
779
823
799
775
768
775
783
820
846
1245
1062
881
820
825
823
862
810
835
778
820
816
762
775
765
809
784
829
755
770
1219
932
861
804
800
837
787
794
807
789
786
796
832
810
829
771
781
814
845
851
1451
837
984
765
815
870
933
950
986
791
686
679
662
666
699
665
675
670
702
695
932
576
731
654
678
702
675
665
671
697
667
668
673
693
659
678
689
688
663
674
689
685
668
690
722
789
625
863
776
717
698
692
653
660
662
653
649
662
673
648
651
643
690
628
635
641
630
627
658
675
855
498
674
621
660
666
646
695
651
660
663
631
681
652
652
664
646
654
641
683
644
644
692
1317
1070
1728
925
513
1122
1438
2313
1195
1889
1769
2140
1303
840
1448
1121
308
1003
542
700
1563
991
750
636
805
821
757
679
768
931
453
980
2825
2212
1855
1378
791
1007
1009
862
1064
898
1688
1031
965
1112
1136
1034
1069
989
957
1003
1011
1069
1076
979
946
904
1463
754
641
661
655
642
681
649
645
644
647
654
661
648
643
642
650
644
750
664
638
683
668
664
807
595
681
679
657
705
682
655
665
695
710
692
658
659
628
628
612
657
615
641
638
633
690
708
615
784
754
714
774
677
655
772
629
643
650
624
600
613
673
715
712
626
678
628
624
704
631
696
661
635
717
840
759
648
741
652
610
661
633
621
657
661
638
638
640
633
626
640
663
681
613
681
693
626
746
790
792
607
686
636
616
662
649
639
662
624
617
632
644
640
622
658
641
628
650
628
646
635
707
754
595
666
657
636
636
658
644
636
618
633
626
622
615
630
650
638
648
626
631
624
629
763
608
634
667
742
684
605
688
719
739
564
536
639
593
613
604
601
626
591
599
605
620
615
614
611
633
608
636
600
608
1130
381
856
480
644
633
735
567
661
565
635
582
622
599
586
594
601
600
628
580
612
625
627
620
589
581
1302
231
585
626
587
553
610
628
631
607
608
586
610
608
611
609
622
577
626
601
713
653
641
625
799
676
724
876
717
591
616
711
621
583
597
625
633
568
588
566
587
605
591
578
577
575
580
600
588
588
583
598
640
716
506
626
570
577
615
606
590
574
584
616
571
586
582
622
579
594
589
567
559
554
556
564
549
562
543
559
705
614
811
434
529
575
568
560
554
574
556
538
560
554
550
580
541
562
579
535
546
556
555
549
564
564
546
561
561
546
551
724
482
595
600
571
590
565
563
558
546
558
538
549
576
545
538
569
542
560
554
575
553
592
549
561
555
551
573
662
627
597
594
576
576
549
547
557
551
551
570
614
552
550
558
563
560
543
545
565
555
556
577
566
556
546
555
550
576
581
799
352
560
579
557
569
557
558
553
564
554
556
548
557
577
559
600
554
563
552
558
547
563
570
568
537
543
560
560
761
467
565
554
581
545
569
612
610
590
609
605
646
626
588
597
676
605
632
684
633
616
609
613
618
712
1267
687
653
665
659
642
653
613
660
651
628
643
624
606
637
611
643
606
634
593
672
622
635
625
796
1078
601
675
621
608
642
640
633
590
610
603
600
643
577
638
668
613
626
621
633
592
641
652
604
583
1116
661
607
666
677
713
617
601
610
591
626
618
664
649
624
606
654
637
609
661
684
649
637
641
615
1148
767
617
606
655
585
598
646
620
673
656
661
642
598
602
611
643
624
628
587
615
612
641
610
634
823
1120
647
639
718
704
653
640
603
586
594
585
619
575
587
572
613
586
579
606
575
608
563
647
657
556
895
833
597
581
626
660
557
625
583
593
595
584
611
616
544
586
632
589
581
602
581
595
594
592
618
566
559
1089
854
805
820
870
679
760
771
702
709
710
779
582
490
503
482
486
479
478
476
483
484
496
486
513
486
636
436
576
502
490
476
476
524
500
489
494
519
504
487
492
492
471
480
521
489
489
479
496
486
484
507
505
498
477
495
500
480
514
617
436
604
515
489
501
486
502
485
499
493
498
484
479
495
487
492
496
486
506
508
492
484
476
496
486
486
505
490
517
496
487
488
547
601
660
518
443
493
469
488
448
459
455
444
453
483
467
464
484
465
453
460
453
475
459
467
464
465
494
469
451
467
467
472
461
471
458
467
740
317
521
476
457
504
477
477
457
463
470
473
464
468
479
476
481
467
469
457
460
467
463
466
458
462
465
468
462
464
454
456
459
533
506
636
705
642
654
731
759
646
727
725
629
778
663
693
739
691
727
596
753
636
693
674
673
962
1040
731
745
745
596
698
732
664
696
644
650
691
680
620
710
623
669
753
728
714
582
664
824
1259
844
776
698
653
608
716
782
687
693
664
613
617
679
626
694
694
743
656
741
799
672
964
1037
485
498
483
479
477
473
484
481
461
471
490
501
474
465
473
463
492
500
475
493
478
477
471
475
468
478
466
502
486
480
485
652
388
500
493
470
470
523
495
478
501
472
469
498
468
468
496
505
481
483
495
479
478
468
484
465
467
496
466
477
497
478
465
475
477
564
578
413
497
487
478
479
478
485
488
489
466
485
486
473
474
476
474
481
476
491
477
471
489
472
483
488
494
498
485
504
491
618
503
538
505
438
512
513
497
493
490
488
491
495
489
471
475
476
486
478
467
465
525
478
477
470
471
477
483
479
492
513
482
461
480
469
556
527
449
487
468
498
515
511
480
493
489
476
483
472
482
463
477
478
471
481
481
461
492
499
494
505
477
567
472
486
515
472
465
469
502
572
359
498
440
453
443
448
453
459
458
461
455
470
474
458
467
471
478
442
442
459
454
445
454
463
450
455
446
456
458
444
465
482
452
454
443
709
308
477
488
455
446
456
473
455
488
466
456
457
455
439
443
477
454
454
462
464
434
464
451
455
456
481
496
448
452
476
450
445
445
450
452
636
378
513
422
463
500
435
444
455
448
444
440
462
461
471
452
463
478
455
446
444
454
463
463
485
465
477
444
445
464
450
570
468
467
661
321
585
484
456
454
474
461
465
435
460
464
461
469
478
465
474
470
470
442
465
454
456
449
453
449
451
459
445
449
461
460
453
467
442
541
477
461
484
478
455
464
457
448
458
480
439
460
457
457
448
452
463
458
449
461
475
442
449
438
444
458
454
467
456
466
461
472
447
442
452
474
598
386
477
473
465
472
473
486
472
460
465
445
467
446
457
448
446
455
446
448
469
465
459
453
443
450
448
481
445
447
440
439
475
455
439
446
691
330
439
474
450
447
444
442
455
459
452
469
455
472
481
454
483
487
449
498
449
460
464
463
453
445
447
493
453
458
454
443
468
456
465
453
542
529
389
487
460
480
470
463
466
438
473
443
452
463
467
462
461
451
456
459
470
470
443
447
439
456
454
451
449
516
523
446
435
470
679
349
460
486
449
448
505
463
452
466
454
463
463
450
446
445
451
464
460
460
450
445
444
456
446
460
442
467
481
451
470
457
448
461
445
449
533
486
451
501
450
461
468
480
456
458
449
438
446
460
453
452
457
450
447
477
475
477
455
449
470
452
450
466
447
448
469
468
460
441
457
464
519
555
398
510
463
451
453
467
460
476
441
458
480
459
459
457
471
455
462
450
471
448
448
441
467
448
444
460
455
454
451
467
446
463
450
462
559
548
417
492
445
458
469
474
456
496
453
460
478
456
469
453
471
447
455
460
459
439
454
454
462
455
454
468
449
449
453
453
458
456
445
459
520
527
393
463
473
481
439
456
471
450
459
452
440
467
448
465
455
456
448
464
441
446
471
445
435
450
450
469
559
453
454
450
460
444
479
579
359
496
475
444
468
472
470
466
460
452
466
451
462
445
451
456
446
453
443
478
456
459
456
444
460
458
472
447
450
458
463
464
442
461
459
523
551
415
488
469
441
473
441
453
470
460
467
447
461
435
445
444
494
438
467
443
455
450
457
444
455
452
459
459
442
466
458
448
468
466
468
536
519
430
451
481
449
454
515
476
482
455
469
467
458
449
457
455
456
454
447
457
458
444
457
475
442
452
443
451
450
460
450
449
463
472
454
555
482
389
523
475
444
442
451
476
449
459
475
456
441
447
445
440
465
446
488
458
446
444
461
441
443
461
454
448
448
477
453
460
458
476
625
390
454
475
463
458
492
475
470
466
458
455
497
472
493
485
536
439
459
445
454
459
450
467
455
465
465
607
444
451
472
457
466
450
444
490
535
505
421
437
444
456
447
439
453
459
443
455
470
478
438
446
452
455
454
459
441
463
459
477
450
453
446
470
455
455
456
448
443
438
450
515
545
387
472
464
450
469
447
456
463
471
458
439
454
455
458
465
456
465
471
470
451
454
446
454
450
452
447
455
462
456
435
464
450
453
487
485
633
376
485
480
459
461
456
464
453
449
465
447
473
440
444
464
475
455
462
458
449
466
460
456
447
449
467
466
455
455
454
455
462
468
442
536
520
452
418
491
480
450
454
467
459
473
460
475
485
459
459
456
466
461
474
459
465
495
456
463
461
460
469
452
453
468
448
458
476
609
369
471
465
485
445
488
441
489
459
447
433
430
428
414
425
423
424
434
422
466
418
458
436
436
435
430
418
577
436
436
436
424
440
419
419
449
442
519
495
355
446
430
415
462
440
439
431
431
424
434
437
421
427
428
441
443
424
427
418
436
420
438
417
432
428
439
437
420
428
430
413
434
429
430
426
457
537
412
411
445
437
431
440
436
436
428
440
424
440
428
428
425
428
442
418
440
422
435
441
437
448
440
415
446
433
424
419
421
423
410
428
438
438
422
533
487
443
480
440
431
433
427
437
437
450
451
448
446
459
418
440
432
409
413
402
400
401
404
395
407
394
407
416
399
404
400
422
390
402
415
472
539
329
383
443
396
402
436
443
401
409
406
421
406
390
407
407
406
400
408
411
414
427
417
406
430
424
399
412
405
400
411
419
410
400
391
407
417
558
613
1302
12467
1208
7068
802
648
593
586
858
1359
534
383
431
492
448
444
597
539
429
419
838
460
539
580
690
356
741
810
527
686
409
417
403
393
395
399
430
447
430
416
396
433
437
425
411
434
401
456
417
533
488
704
560
550
514
441
1031
735
592
720
617
659
602
614
568
589
542
536
545
593
541
609
505
648
611
626
648
624
644
610
592
684
923
819
485
545
565
723
569
777
681
713
556
568
632
644
688
663
557
492
594
667
708
683
646
595
463
686
1054
709
596
685
684
516
602
673
556
552
467
506
527
547
658
726
576
617
595
641
585
625
567
659
494
584
589
994
752
588
600
703
571
655
667
660
573
679
637
546
603
450
681
601
590
615
580
569
592
624
651
482
660
672
968
685
546
630
582
474
658
557
683
486
537
480
554
618
727
711
583
613
521
594
657
589
671
551
547
576
669
1078
725
581
677
551
590
599
501
432
476
576
467
586
514
440
569
570
471
493
611
591
648
661
544
516
546
645
903
725
653
467
609
649
555
690
521
644
670
585
467
452
534
582
532
488
465
582
644
515
519
599
604
626
549
503
1201
701
467
640
707
578
634
581
543
566
691
631
529
488
521
623
591
583
655
571
622
547
592
580
534
624
634
585
720
857
601
544
650
578
588
521
599
513
517
502
617
514
443
652
543
559
525
581
464
627
591
698
572
526
458
472
611
839
821
458
596
568
552
494
571
559
478
478
512
530
569
543
508
442
569
447
562
470
535
515
620
580
532
571
529
548
567
955
429
343
315
325
350
341
324
337
321
331
322
335
325
319
316
329
323
315
314
337
327
350
328
343
336
341
337
318
327
324
329
322
326
334
328
321
335
332
345
354
332
323
325
329
376
307
306
799
259
297
308
321
313
331
302
308
318
324
321
333
300
304
313
303
308
316
303
306
320
319
308
302
307
299
302
305
290
296
309
306
311
306
302
292
294
322
308
299
304
309
294
316
306
309
301
311
294
329
309
439
226
372
252
326
296
311
295
292
298
315
316
311
300
301
305
299
306
309
321
299
298
293
316
303
300
299
304
310
315
308
307
311
299
315
308
299
296
312
303
302
301
297
303
308
303
302
298
310
298
311
309
355
397
329
247
467
163
333
288
309
387
273
276
274
269
276
271
277
276
287
272
277
283
275
280
266
277
278
263
274
288
282
272
288
285
261
270
272
278
291
277
274
300
277
282
276
280
275
271
275
279
282
269
266
275
266
276
271
272
264
350
392
241
340
254
272
278
295
317
289
287
277
279
283
282
292
280
279
274
296
271
284
277
270
270
291
278
266
268
278
276
273
268
279
277
291
295
274
267
269
281
267
266
282
272
274
268
271
264
272
288
283
270
269
281
335
332
333
295
298
278
298
267
259
254
306
290
313
262
267
253
267
248
261
257
246
256
243
259
255
255
243
252
247
244
247
246
254
241
241
248
239
263
248
246
266
248
252
263
256
251
248
248
247
263
252
239
253
258
255
264
269
242
240
262
267
255
258
333
239
275
190
254
276
268
263
256
256
250
250
247
256
246
262
284
268
277
268
249
257
241
260
241
243
242
240
272
265
245
255
245
244
256
261
253
253
254
252
256
254
259
240
248
254
243
253
252
240
253
246
270
281
227
216
243
276
236
243
251
216
227
224
214
231
226
265
231
143
222
222
242
262
242
230
241
215
226
239
239
222
224
231
221
234
230
234
225
215
231
222
214
231
223
223
222
227
227
237
217
214
220
225
226
228
234
236
228
223
225
227
217
232
221
220
226
222
220
228
234
219
235
234
218
228
222
215
233
225
224
225
229
218
219
226
222
229
225
248
391
117
229
255
232
225
238
345
224
234
238
252
235
223
232
235
225
215
223
230
231
231
221
234
237
236
223
254
262
229
215
233
203
224
213
208
201
192
201
203
187
192
201
195
198
189
193
210
192
200
202
202
196
198
210
192
197
195
195
198
202
198
213
193
199
206
195
207
202
203
201
224
194
208
197
225
248
319
141
177
181
215
191
