55
86
104
79
126
50
115
50
75
34
92
77
37
122
77
84
95
42
48
60
80
48
54
74
84
40
37
45
59
77
61
82
59
52
154
35
47
77
127
148
34
129
94
53
58
54
62
76
102
47
44
89
52
34
44
58
117
44
61
73
55
229
60
49
48
46
69
65
63
77
75
46
72
77
64
40
120
49
92
44
90
121
50
42
416
161
31
50
85
53
56
60
69
37
38
55
39
37
63
54
42
70
41
57
73
58
50
63
66
92
37
43
54
56
80
83
63
47
58
64
46
79
85
46
81
68
71
85
129
53
56
41
40
104
79
102
54
44
34
177
57
73
67
56
46
71
61
137
58
62
98
128
148
122
48
50
86
59
41
45
95
39
62
51
46
62
35
46
51
45
52
43
49
75
4858
46
36
44
31
73
102
64
62
67
58
34
70
36
82
37
33
74
37
67
54
45
36
40
85
79
59
76
41
41
64
55
77
53
40
40
32
40
39
34
66
48
53
27
52
29
31
55
27
45
42
36
44
79
42
60
47
43
45
91
34
47
34
39
52
39
55
91
70
53
34
34
52
58
35
42
61
53
27
57
38
39
99
55
59
45
40
41
49
103
50
38
35
48
66
52
62
39
62
38
36
27
52
37
59
83
59
47
76
34
44
39
38
23
41
32
39
28
54
53
45
34
4399
31
45
46
40
38
37
44
37
40
76
135
150
65
274
57
71
90
63
84
61
47
66
48
91
84
114
123
46
40
62
31
40
50
65
40
31
37
62
41
78
48
31
56
44
32
33
79
88
34
58
84
32
29
44
126
99
141
36
56
84
44
106
142
100
100
29
134
112
109
30
90
25
107
38
99
27
52
56
98
104
60
42
84
42
65
85
100
33
54
53
158
39
37
120
105
33
158
110
79
79
31
30
26
32
46
36
30
29
35
40
44
28
26
31
30
33
31
34
33
26
35
25
29
25
34
36
61
35
30
36
1559
3415
214
71
133
37
65
48
123
1911
74
63
142
101
126
68
88
66
135
55
57
55
186
119
151
93
81
113
159
95
87
76
58
83
81
70
69
128
72
56
96
81
129
116
40
46
52
80
73
162
77
200
85
61
92
381
152
64
115
28
43
111
40
42
37
50
49
47
34
44
110
67
86
32
34
36
123
53
40
51
122
128
236
97
84
83
91
102
39
102
118
55
51
135
90
45
75
86
64
98
79
158
107
93
242
173
33
48
177
44
112
135
57
48
116
112
83
191
41
42
51
43
35
41
31
35
31
33
35
27
37
70
107
32
80
73
37
81
52
101
174
96
58
87
38
128
162
40
34
87
102
91
43
156
82
57
57
83
87
40
42
48
42
78
105
43
46
74
36
89
51
55
64
103
40
64
36
104
91
111
53
58
34
49
57
34
39
29
39
36
30
38
41
32
44
44
46
38
34
73
77
44
28
42
42
36
33
40
40
39
32
32
28
45
35
38
33
33
83
52
39
35
58
27
51
27
30
41
31
35
34
134
194
134
117
181
136
96
192
53
39
111
161
34
73
61
52
34
72
56
94
56
53
134
76
72
38
45
47
36
61
179
82
127
123
141
67
63
102
126
50
79
54
53
33
35
30
32
37
34
34
32
60
165
62
68
42
47
43
32
91
60
64
58
81
86
50
50
85
41
77
62
37
71
166
37
88
99
70
53
55
100
53
30
53
45
91
79
67
34
85
80
171
76
48
61
73
88
76
50
76
62
106
89
38
56
65
103
121
50
47
34
93
63
38
44
28
45
31
44
58
38
266
103
173
106
92
46
64
64
82
77
102
200
97
111
60
46
78
78
78
35
217
110
77
40
54
132
42
122
99
41
82
57
55
82
81
36
271
73
45
66
25
35
43
39
36
39
68
87
86
45
83
139
38
67
108
47
133
46
47
90
183
113
47
159
133
49
57
192
120
109
77
54
32
98
63
36
32
106
35
96
33
27
76
110
45
36
65
62
62
67
28
35
159
89
79
103
31
142
133
47
117
93
60
149
102
77
72
48
60
42
53
34
51
43
39
42
55
54
42
44
92
71
149
56
71
76
238
105
85
121
101
97
105
86
156
57
56
57
80
78
55
176
62
61
41
35
84
58
50
100
63
90
60
90
54
49
46
87
378
238
36
52
57
76
61
260
90
55
67
104
50
40
51
32
29
46
41
34
33
35
27
39
49
41
3957
32
44
32
45
32
29
34
42
37
3865
36
41
38
28
36
38
32
33
33
36
65
115
55
49
126
47
37
55
129
114
148
82
53
44
166
104
130
33
36
37
140
94
59
37
103
120
47
102
36
136
32
39
35
54
73
172
123
75
90
159
144
86
53
131
61
99
52
36
31
53
116
171
38
142
47
57
64
52
59
193
81
117
173
68
85
42
42
106
50
248
84
129
55
53
29
42
49
57
34
39
87
59
69
105
42
106
81
49
44
110
124
92
76
54
42
48
40
160
128
42
45
41
42
59
41
54
57
35
40
44
47
59
107
56
47
37
43
3587
37
29
28
33
40
47
38
29
44
31
30
70
104
126
49
63
83
93
59
51
55
89
34
44
53
52
47
81
71
79
53
109
243
128
228
75
52
51
56
41
72
49
61
54
68
84
53
45
79
57
56
144
40
48
89
67
71
85
156
107
90
57
91
52
71
67
56
60
46
33
115
50
56
78
35
44
74
72
76
48
44
83
56
39
39
48
51
38
36
49
110
3668
33
33
39
33
35
46
45
40
28
95
90
72
104
55
49
58
88
55
40
114
45
44
145
41
65
37
29
62
67
61
171
75
97
62
55
232
339
99
63
72
47
105
37
34
64
107
109
55
53
115
67
113
60
129
51
43
138
113
52
127
41
175
95
45
40
50
27
37
44
52
4502
47
47
37
32
45
43
37
55
48
41
140
106
47
51
49
65
83
101
82
83
74
35
69
28
35
34
69
32
73
37
49
52
83
75
47
30
87
48
107
109
25
59
98
87
41
42
94
44
34
54
105
79
123
41
61
125
132
58
46
121
55
65
40
91
72
72
104
73
63
168
32
28
45
35
40
29
54
43
32
59
93
56
89
66
48
55
52
49
110
40
63
40
58
108
69
97
65
90
49
44
104
73
37
67
57
31
40
50
93
57
61
56
61
32
65
70
88
60
34
40
39
66
53
71
34
79
31
49
98
41
38
80
70
42
57
37
42
142
34
41
117
233
36
56
64
81
70
85
27
64
32
33
33
43
28
31
52
54
83
37
47
38
163
101
35
92
64
122
35
88
198
116
48
64
58
117
35
26
46
95
32
37
84
37
69
61
70
58
80
117
85
53
80
65
70
96
33
149
37
48
130
98
40
81
58
99
70
201
137
73
127
34
41
42
49
39
74
41
36
29
28
113
37
30
85
128
68
53
234
66
53
35
43
51
120
56
104
84
35
84
57
69
42
38
85
111
34
43
56
105
75
51
85
148
150
151
166
41
268
101
139
110
40
51
66
55
81
25
114
66
38
72
120
80
71
81
127
76
116
61
75
90
42
63
68
92
29
27
78
29
161
51
164
91
58
75
27
81
92
32
75
39
31
46
187
111
76
58
80
93
68
58
43
79
29
82
64
86
92
37
35
37
34
37
33
37
45
66
201
54
29
36
64
66
30
42
65
33
62
134
56
176
221
58
51
44
106
51
31
79
79
62
121
97
79
40
54
69
57
126
287
49
83
59
118
43
38
19
338
48
82
88
90
46
33
28
39
37
56
38
39
32
35
29
31
34
68
100
122
44
47
111
25
38
32
39
59
78
45
70
44
42
72
55
120
134
95
52
56
59
45
58
28
26
114
135
66
49
120
292
55
154
46
69
103
45
72
36
31
94
40
85
106
35
83
99
100
96
28
38
31
31
40
43
55
394
40
64
485
67
101
52
50
83
84
132
160
114
138
113
105
38
117
57
70
43
42
68
69
118
73
251
82
24
51
126
53
122
25
31
46
33
32
48
74
37
36
28
51
170
103
71
46
96
49
172
64
46
76
29
94
31
85
73
24
64
63
35
30
49
59
73
35
36
38
45
45
82
125
96
430
147
38
127
26
48
142
71
33
70
107
56
31
41
46
79
273
107
64
90
46
277
159
82
56
72
87
562
77
64
49
87
85
94
87
102
92
62
81
44
364
31
28
30
36
26
28
73
37
29
167
69
332
37
28
376
70
86
26
97
91
84
102
74
205
33
65
44
49
118
98
56
47
29
53
44
124
27
29
454
42
33
32
43
62
53
58
29
55
37
32
32
29
41
33
42
57
809
221
76
95
153
31
329
108
122
72
48
36
42
74
132
67
26
28
97
39
127
274
125
31
47
31
38
257
82
37
156
144
34
38
33
27
27
29
37
31
36
33
37
34
40
28
39
85
273
24
51
49
92
75
79
35
60
153
1126
49
153
32
41
39
50
72
161
81
93
55
90
87
70
62
103
40
36
30
28
32
36
31
44
120
68
31
51
91
81
34
40
32
109
67
122
107
60
80
184
107
83
82
81
83
215
85
49
54
99
77
139
156
35
54
66
202
54
46
70
55
102
71
40
141
30
46
69
47
46
44
94
41
37
37
78
74
49
127
84
81
53
49
97
23
46
74
53
152
89
45
83
79
88
96
94
47
70
40
72
44
69
43
145
128
110
93
249
102
37
75
39
79
92
139
53
74
39
29
27
30
26
28
35
28
24
28
30
23
30
77
203
156
76
81
101
36
42
51
57
40
63
64
59
33
61
62
47
98
62
60
72
174
51
42
34
62
86
79
73
113
76
45
112
67
64
73
66
34
59
117
47
32
88
48
38
168
85
79
84
34
147
145
80
26
69
35
40
39
29
23
27
34
34
151
42
91
218
128
50
68
60
111
27
44
37
75
67
36
102
48
39
74
91
55
48
63
54
35
45
32
41
77
132
78
248
33
28
61
40
32
66
63
85
30
144
104
51
86
87
42
36
73
62
41
40
34
30
35
39
44
146
69
62
98
52
57
37
43
137
54
359
25
86
69
49
31
55
23
172
107
53
28
21
49
27
43
54
32
65
38
38
43
25
380
35
48
85
37
27
23
28
32
57
35
55
185
306
39
29
28
28
35
25
30
70
87
83
85
24
76
103
50
118
67
55
88
78
57
98
136
220
60
36
69
59
32
31
73
53
63
96
70
71
60
97
54
92
86
348
157
222
30
32
30
37
32
41
131
69
74
192
71
183
87
43
89
112
62
228
187
214
69
73
84
111
77
52
43
63
37
43
687
74
43
45
99
51
61
80
41
38
33
27
29
30
89
64
44
69
71
37
37
82
37
63
68
67
40
45
52
86
474
106
78
62
40
109
65
156
139
84
52
313
145
336
396
46
72
81
37
32
31
38
35
33
47
53
82
179
96
56
60
77
134
53
28
57
71
65
43
50
50
42
36
123
49
142
50
38
39
119
78
37
46
45
46
44
42
32
35
25
77
35
33
42
71
65
24
83
50
59
24
82
67
31
39
32
84
43
43
63
24
77
36
39
42
36
33
43
34
112
30
37
32
32
36
33
29
38
130
1028
74
92
62
560
33
75
117
69
39
169
83
63
30
43
32
49
48
56
29
40
43
39
31
32
281
87
114
85
97
76
35
35
27
29
38
51
31
49
93
27
38
60
32
104
28
187
105
315
267
40
113
234
63
77
104
64
33
37
37
71
39
142
57
125
57
35
98
72
48
48
68
45
58
52
51
163
54
40
81
48
52
142
33
34
35
29
27
35
67
53
32
56
33
39
31
27
111
84
53
33
27
32
79
374
122
186
70
83
134
41
25
47
218
71
63
94
58
41
47
39
199
155
46
86
44
129
137
75
26
137
71
163
87
25
64
76
27
28
28
38
32
44
1442
41
40
172
64
52
29
69
89
98
146
597
73
56
64
38
33
62
50
107
44
91
59
65
31
29
31
26
36
30
27
27
53
560
2155
815
60
38
46
38
115
34
55
47
62
49
66
66
69
88
92
44
321
166
78
71
37
45
86
32
241
135
80
63
52
81
164
284
139
325
92
44
32
50
40
87
67
69
105
39
47
31
28
28
33
35
34
53
63
110
41
52
50
38
331
54
90
60
318
70
32
41
100
183
79
36
78
129
87
64
41
81
72
82
67
66
77
131
168
115
94
166
27
26
74
67
91
59
59
37
96
64
36
71
71
58
41
25
37
37
28
30
31
37
78
57
52
69
42
28
52
63
39
140
105
238
39
45
30
58
71
35
157
55
41
56
46
62
115
27
53
92
53
139
125
161
117
20
137
254
83
111
41
198
57
29
95
66
94
76
99
61
25
50
40
37
37
39
33
35
34
32
57
88
51
62
53
91
156
319
173
102
31
76
54
99
90
114
296
101
214
51
84
48
37
32
42
99
36
178
72
86
92
37
63
85
55
83
70
92
67
53
50
34
33
37
54
77
37
57
84
57
62
98
38
33
58
99
90
116
69
58
51
48
43
70
47
69
55
69
46
55
156
27
68
39
72
81
54
41
32
25
34
41
80
32
24
70
49
45
57
30
43
72
85
25
52
50
66
35
41
43
63
26
53
55
59
76
34
41
67
36
24
60
33
46
32
107
56
31
59
59
75
57
46
33
35
71
50
156
50
40
71
28
44
32
36
61
27
95
150
45
63
65
44
36
48
112
45
132
38
58
32
34
40
26
47
41
51
66
36
27
30
30
56
43
28
59
24
89
82
48
91
75
84
58
33
72
48
42
35
57
53
51
62
24
79
112
54
37
52
82
93
72
58
62
65
72
34
36
65
52
35
105
74
83
94
65
45
38
60
137
37
64
49
39
98
37
47
93
32
50
48
48
47
51
65
33
53
33
62
43
46
51
98
147
45
35
28
77
45
76
64
30
70
86
37
23
47
34
44
60
91
24
22
65
96
39
148
96
74
38
57
61
35
36
58
57
43
61
32
131
37
60
75
70
32
60
31
51
36
32
75
63
33
56
67
67
51
37
25
36
50
27
31
66
157
259
56
110
82
28
63
33
26
33
29
115
37
66
47
58
113
26
44
58
30
61
36
42
24
46
41
61
61
67
37
27
22
34
40
54
38
42
46
81
142
48
57
52
60
56
57
54
56
31
44
58
47
32
44
74
41
64
128
155
81
53
55
73
47
54
58
29
64
37
45
56
83
56
37
44
82
30
47
84
78
26
44
46
94
32
195
62
69
56
178
180
26
34
68
70
79
59
91
57
80
36
25
60
63
35
68
54
137
35
28
27
81
92
52
37
69
55
46
26
34
65
45
54
64
61
38
50
59
66
24
38
72
27
36
33
60
26
45
28
45
49
50
34
32
38
38
26
96
225
45
28
79
50
30
52
56
48
68
32
28
36
29
106
71
53
155
27
45
65
82
32
54
36
104
69
47
77
106
61
122
61
47
31
47
34
47
40
46
56
46
43
68
131
65
25
76
46
42
36
64
90
60
37
63
29
30
48
43
75
76
64
60
70
57
90
33
83
31
57
63
42
32
83
35
28
68
62
38
51
27
77
80
52
53
55
68
73
60
65
69
75
74
36
36
43
31
91
61
66
43
33
40
34
43
61
25
69
26
43
75
54
112
30
86
35
48
65
110
45
72
32
55
78
62
30
61
75
56
25
64
70
62
44
85
49
50
40
66
35
34
37
41
40
50
61
90
84
31
79
43
97
28
83
32
56
78
66
73
46
32
79
43
111
38
139
60
51
95
26
107
33
71
29
81
50
91
56
61
39
44
68
70
103
62
29
27
40
71
36
29
56
41
44
38
48
34
41
29
42
82
52
83
78
94
91
69
78
48
79
81
46
44
64
34
71
71
58
62
30
48
111
22
30
34
28
35
80
28
65
62
55
116
39
62
38
41
26
52
44
89
52
62
70
37
136
36
48
41
51
100
29
88
39
55
87
61
85
24
47
31
53
54
81
81
86
71
58
36
107
124
64
24
92
38
81
97
86
78
107
83
42
37
48
23
84
80
65
46
61
44
69
63
57
34
38
91
113
24
100
33
126
31
65
55
36
53
63
40
71
93
44
100
107
69
55
57
106
65
57
77
101
31
28
64
61
92
69
43
83
87
54
93
31
64
56
56
35
44
137
45
109
23
77
38
40
43
50
94
84
66
80
37
60
62
90
38
52
26
58
37
85
99
37
50
48
27
70
93
44
61
36
28
52
38
49
58
93
69
46
32
42
98
29
51
26
62
33
68
64
53
104
90
27
41
43
78
81
63
34
39
70
36
50
49
64
39
155
50
78
120
67
47
56
51
165
103
52
33
60
159
116
49
87
54
88
85
126
34
61
87
70
60
92
38
37
51
59
49
72
78
37
92
82
75
93
42
28
96
101
78
44
52
78
28
44
38
98
96
101
70
72
59
80
46
38
82
72
46
53
99
58
42
44
36
62
44
101
39
64
28
34
34
45
89
51
69
42
80
39
64
152
72
56
63
64
65
60
21
24
47
34
29
101
36
41
111
26
62
32
41
39
77
90
71
117
96
57
113
60
71
39
80
40
100
39
49
90
34
59
42
149
68
42
97
56
59
46
38
97
73
63
51
55
31
59
109
58
92
37
65
109
66
61
33
63
76
57
58
83
60
113
56
55
63
84
78
66
34
68
29
62
56
78
85
74
76
71
73
61
104
53
63
87
55
111
74
27
89
38
86
58
49
58
51
51
26
45
78
117
88
38
35
32
131
101
79
65
44
35
54
31
48
70
60769
175
44
37
72
62
48
58
59
49
34
47
34
28
48
53
40
34
65
74
27
41
58
52
49
62
52
43
27
28
41
66
34
82
58
62
49
66
55
30
30
35
44
44
44
46
47
46
63
51
38
49
56
57
36
270
189
90
94
144
48
30
65
75
128
49
39
27
53
40
67
63
30
27
56
58
27
41
60
42
36
27
71
56
41
54
67
34
44
53
32
34
32
36
59
120
68
50
34
70
47
43
30
54
80
31
28
43
32
31
55
46
48
34
34
60
35
40
71
34
44
55
60
41
30
90
59
40
66
52
58
39
43
41
36
28
38
90
71
31
24
42
34
37
35
62
69
39
45
39
47
53
31
29
39
44
35
44
42
37
32
38
31
31
33
26
35
46
47
30
27
37
49
29
61
39
34
38
48
52
81
28
31
34
23
47
63
33
43
43
36
46
43
58
30
41
40
56
36
68
61
36
72
42
48
47
613
31
29
30
30
30
29
29
29
27
28
37
28
673
227
35
332
5712
417
33
374
26
103
26
384
27
55
24
23
24
24
23
162
25
24
24
23
23
23
70
24
229
170
31
30
294
27
526
26
165
24
156
30
409
184
74
754
29
450
196
94
43
141
118
24
84
24
89
25
87
27
165
135
230
25
152
24
149
24
142
25
151
56
149
158
221
544
100
122
1458
116
56
130
225
624
27
456
107
121
109
89
126
105
125
122
54
153
42
95
114
52
117
117
95
81
54
95
67
118
85
200
63
43
70
228
33
89
88
115
84
83
64
43
72
111
92
107
113
184
132
135
83
139
89
120
103
66
65
123
54
172
41
52
69
38
101
90
27
43
46
25
133
94
47
88
37
32
45
29
26
26
23
65
43
142
28
39
21
35
40
27
43
32
43
31
25
57
45
48
158
37
58
55
40
53
31
58
48
34
38
49
37
31
55
47
60
62
30
53
27
27
27
73
26
55
30
24
28
28
32
31
40
47
48
39
36
24
47
53
65
50
49
44
43
38
29
26
37
28
47
49
39
51
75
37
53
42
40
45
33
29
38
51
27
56
37
61
53
33
39
40
44
62
34
72
47
33
44
66
41
32
21
37
45
46
32
109
93
34
38
64
51
61
41
55
49
59
62
34
31
31
57
73
51
42
37
56
32
27
45
37
36
83
56
27
45
27
28
26
28
24
26
66
115
49
36
40
39
63
32
29
53
53
29
27
24
23
47
63
79
32
29
39
43
33
44
53
81
35
231
52
58
36
36
39
57
38
26
29
35
33
31
32
33
37
24
36
34
36
28
35
33
51
37
46
28
38
46
33
32
54
40
30
42
32
48
31
26
44
24
50
27
28
45
38
44
44
42
44
41
46
47
39
52
51
30
48
52
47
45
45
39
64
54
53
46
38
37
39
32
53
41
49
431
97
70
180
62
69
81
66
139
83
105
59
108
102
44
88
148
96
118
122
138
126
125
100
89
129
134
134
64
46
41
358
122
103
54
36
96
78
28
111
32
168
24
116
40
58
55
73
28
46
129
26
64
89
78
208
74
42
65
21
60
32
78
65
49
37
43
57
87
37
49
70
53
57
41
56
57
115
148
26
163
25
143
24
143
25
572
69
45
69
86
58
45
124
40
139
112
28
313
41
194
25
144
52
202
91
270
41
164
110
134
44
92
65
50
106
33
44
77
35
49
29
29
31
31
28
44
29
42
32
38
37
30
256
263
136
151
115
98
97
89
90
51
132
188
48
50
136
73
57
118
73
201
70
169
77
72
153
186
48
118
75
79
76
81
54
67
48
89
72
52
180
143
123
225
173
117
130
69
161
82
67
93
51
74
148
152
63
62
139
118
133
139
65
92
68
149
99
38
159
89
190
82
77
72
59
90
170
118
95
60
109
111
140
135
96
240
172
229
222
61
62
64
129
128
33
62
70
66
41
67
64
37
39
75
66
30
57
42
36
85
41
43
47
56
46
54
53
40
45
71
33
140
93
54
32
32
102
51
110
87
97
34
40
50
71
42
40
30
61
55
63
51
40
42
102
54
51
39
26
110
31
34
82
52
72
54
40
38
60
31
31
43
27
42
76
52
54
38
43
47
33
30
29
30
50
32
49
32
41
31
48
55
38
68
37
41
44
45
39
24
31
50
24
24
38
37
46
53
38
45
28
41
59
48
62
24
36
34
58
87
107
54
33
38
40
30
64
45
56
69
54
44
75
61
37
28
27
46
53
82
81
74
50
41
39
45
29
43
55
79
34
48
56
63
35
53
56
47
91
78
33
70
45
32
31
56
36
28
56
25
29
56
49
33
36
100
45
42
33
33
88
62
78
48
35
35
58
46
39
30
29
75
66
53
42
33
33
66
27
103
78
51
57
33
59
37
32
46
36
33
47
49
42
41
33
64
98
62
58
101
33
29
144
26
37
43
55
35
41
43
32
49
32
32
32
43
39
43
29
30
28
43
28
21
40
40
31
29
26
87
55
46
33
27
34
41
71
27
34
44
43
33
54
45
38
41
38
36
37
41
31
30
113
316
274
37
42
87
109
74
47
51
39
39
34
41
39
70
33
29
32
23
36
59
31
25
76
58
42
41
34
78
74
28
60
38
65
64
60
69
78
102
93
54
95
53
71
65
65
64
80
85
39
65
57
61
53
43
33
27
30
39
59
51
34
34
52
34
37
30
31
26
43
49
44
51
39
43
52
42
41
35
34
31
44
73
31
38
22
32
32
189
34
39
55
53
38
37
51
62
69
51
57
36
98
47
51
41
33
49
52
70
74
42
70
37
46
47
61
46
39
27
31
35
34
59
61
30
31
78
45
106
61
52
56
27
31
76
34
35
63
53
41
45
36
43
29
36
62
28
58
51
85
195
26
35
49
44
29
85
27
87
105
34
57
38
36
45
29
28
53
314
49
48
39
27
29
32
62
38
53
34
48
85
39
59
49
32
33
32
34
48
87
67
56
44
48
60
68
49
48
47
36
36
66
62
30
87
212
198
55
209
36
44
26
63
32
34
41
55
31
23
34
47
35
41
46
39
56
38
43
90
147
79
51
45
28
43
59
55
63
38
43
35
28
44
36
48
31
38
29
37
24
41
27
31
46
59
54
70
74
61
56
39
63
35
30
33
39
45
31
59
34
25
25
39
33
50
30
52
42
76
44
50
54
40
43
45
70
156
187
535
209
55
102
42
67
52
44
70
32
42
44
34
58
59
57
60
57
51
28
29
62
30
58
61
45
42
76
34
86
27
45
32
54
40
38
94
41
50
75
35
49
25
31
51
29
36
22
23
23
68
54
28
80
39
29
30
44
85
27
54
32
27
35
98
60
37
39
26
37
41
28
41
39
103
35
42
36
86
55
70
58
33
44
85
33
48
65
54
36
32
101
40
34
59
67
44
35
70
30
34
42
28
35
34
57
55
35
30
52
29
49
63
48
39
32
29
48
31
42
53
52
40
52
43
82
54
41
37
36
31
72
54
30
42
87
41
35
35
48
67
80
31
49
34
37
53
28
44
37
56
45
23
40
33
42
47
46
49
63
42
29
39
77
41
44
50
41
29
80
70
30
38
47
53
31
44
27
49
33
50
40
58
42
30
37
95
122
49
45
60
37
40
43
35
54
47
59
26
22
35
47
76
55
33
32
39
43
34
41
30
45
29
35
33
63
51
51
53
31
39
42
40
27
34
38
46
40
51
32
38
30
33
39
57
47
66
45
40
40
50
56
43
42
39
26
50
53
57
29
44
44
48
49
45
31
35
46
49
52
26
60
45
31
59
58
60
31
30
33
38
48
36
37
40
32
31
74
32
53
39
30
34
47
50
52
27
30
50
40
38
41
31
26
27
36
32
44
30
44
37
59
54
47
86
43
33
58
39
59
226
41
33
59
70
45
32
40
51
71
100
28
37
46
41
71
28
42
49
51
25
71
65
59
31
129
50
38
46
42
39
29
52
30
44
27
52
80
71
30
44
29
53
46
36
42
32
29
40
67
36
42
55
33
30
43
39
35
34
32
42
48
64
27
24
51
29
29
26
43
26
40
26
33
53
28
39
25
32
27
30
32
32
35
34
31
32
39
31
33
30
36
25
35
30
41
45
24
28
31
35
26
36
34
47
45
26
44
29
38
54
54
35
43
35
41
25
47
30
27
31
52
38
27
35
30
38
42
35
55
35
51
38
42
39
36
54
40
49
36
29
25
28
51
31
50
34
27
37
32
29
44
31
44
35
30
40
44
28
35
45
65
44
60
78
65
32
41
36
24
46
34
38
42
54
25
42
39
39
38
36
39
35
28
40
24
25
37
25
34
49
22
33
36
26
52
32
54
27
30
67
31
81
50
29
36
42
44
39
43
107
68
37
32
31
44
34
83
40
26
27
40
29
29
31
19
30
36
34
26
24
33
28
27
29
28
47
27
33
36
56
52
40
23
32
43
38
25
34
28
29
40
34
23
30
36
43
49
40
25
32
30
31
40
51
45
31
39
27
30
52
34
30
39
58
47
38
30
36
57
99
57
28
25
31
31
40
94
100
31
43
28
33
71
45
35
28
39
68
28
40
72
44
28
33
23
32
27
31
49
28
31
52
57
49
49
43
29
37
49
53
90
31
36
46
58
45
34
36
43
49
45
45
35
75
32
23
29
71
27
65
67
40
25
32
26
40
34
34
45
37
35
43
63
33
73
51
55
43
80
29
47
31
34
36
34
51
40
72
122
160
41
31
40
26
44
115
105
31
43
51
34
39
75
115
50
30
28
28
66
32
58
63
43
26
36
38
56
32
25
28
54
39
43
41
48
42
40
47
62
39
36
42
42
32
53
38
44
28
35
30
34
56
28
39
40
46
58
45
53
27
28
28
41
28
59
26
40
42
73
51
38
45
31
39
57
49
33
35
31
45
74
69
32
54
60
66
76
55
51
26
33
47
33
48
43
84
31
29
28
29
35
49
38
33
69
32
41
28
28
30
53
37
36
45
62
49
37
29
35
61
45
64
39
42
36
38
28
52
32
52
49
36
77
57
36
43
43
34
37
50
28
48
54
42
30
40
40
42
57
48
37
80
41
60
28
26
32
28
41
59
24
33
41
40
128
56
41
27
49
50
32
29
86
74
33
33
41
36
41
34
76
33
76
84
39
53
50
42
51
71
68
53
74
24
64
29
34
42
54
47
45
39
56
57
42
48
38
28
47
44
33
55
66
52
32
61
31
53
33
37
38
42
36
36
33
50
40
38
29
72
27
29
35
52
27
33
45
28
43
35
36
29
45
30
47
26
29
23
54
30
35
37
35
45
47
49
25
54
51
78
52
35
42
26
28
38
42
33
35
30
45
33
30
36
25
50
36
45
20
53
47
40
38
47
33
37
57
104
28
40
47
44
46
49
58
40
32
55
31
32
39
34
37
25
32
37
29
33
27
33
40
26
26
25
35
33
28
54
52
28
60
29
39
27
32
28
39
26
35
37
29
29
41
39
63
99
53
64
37
32
35
37
43
34
43
29
36
34
46
36
49
41
66
59
56
105
37
64
38
48
47
57
52
35
67
26
40
34
61
34
25
36
37
44
50
39
35
56
55
36
31
61
49
28
49
45
62
34
50
41
34
37
56
44
33
76
39
42
72
29
42
43
29
61
34
55
31
35
34
56
32
58
35
43
34
41
33
45
36
37
48
39
36
32
36
46
51
64
58
32
58
33
31
57
40
34
35
79
36
43
36
68
63
59
48
58
56
84
79
42
43
29
32
51
35
34
67
37
62
43
50
39
44
32
39
44
29
52
32
44
39
39
47
29
28
71
27
70
33
48
37
57
41
80
48
48
30
106
71
34
34
35
28
29
34
27
45
48
30
25
35
45
42
40
31
30
34
35
30
30
31
48
31
39
28
26
27
48
56
29
35
39
30
39
30
34
25
29
31
36
26
37
32
31
28
28
31
26
26
26
31
34
34
31
34
34
32
32
58
38
27
38
39
32
42
44
64
25
45
26
33
30
32
34
30
38
47
37
33
35
31
40
28
32
34
30
37
27
26
24
33
35
41
42
39
27
26
41
45
37
23
33
36
30
27
22
37
32
35
29
28
34
32
74
35
31
35
33
37
48
36
38
33
33
33
27
27
56
31
28
28
29
35
28
30
28
32
30
35
32
31
34
26
35
48
35
34
24
36
27
37
31
47
47
23
27
33
34
33
31
36
34
30
32
41
40
28
34
37
38
29
25
30
34
32
54
52
36
26
34
30
41
36
35
33
31
37
35
34
42
34
37
30
28
38
27
38
35
37
26
39
36
38
30
28
34
39
29
46
33
36
32
26
70
48
34
41
34
34
44
33
42
36
31
52
38
34
28
51
25
49
37
34
83
54
54
47
48
52
32
42
53
50
46
134
61
33
48
30
43
38
29
48
39
33
39
24
29
26
31
28
45
66
43
29
40
28
36
28
31
28
30
26
23
40
41
39
51
23
44
27
36
38
34
30
59
29
31
33
33
31
28
30
40
35
33
23
28
30
29
40
40
72
47
82
40
33
24
45
47
39
47
30
34
28
24
36
44
30
30
35
43
59
54
33
38
40
44
31
38
38
26
31
23
36
44
29
31
31
40
34
48
35
44
46
48
30
38
37
31
31
45
46
34
31
39
36
47
39
47
50
43
29
28
36
31
38
30
49
68
38
68
42
32
39
41
41
38
32
25
38
51
28
33
35
34
29
31
34
24
37
32
58
31
48
31
36
32
26
26
37
24
38
43
40
22
37
28
40
30
43
35
42
36
43
36
28
40
37
31
31
31
32
38
48
35
44
28
44
39
29
34
26
30
45
26
29
31
38
33
65
32
32
31
33
40
31
42
38
31
40
32
26
36
49
55
46
51
35
45
42
36
41
29
35
34
33
32
35
30
31
46
30
30
31
32
28
42
30
37
40
38
39
44
36
40
30
31
34
27
41
30
34
43
32
28
28
25
27
33
50
34
33
29
32
35
43
35
45
41
32
45
39
33
31
33
29
38
25
35
31
33
30
39
38
31
35
47
45
35
31
37
38
26
33
40
33
33
47
31
33
45
28
47
33
41
38
34
34
29
37
39
37
32
32
30
33
49
33
29
33
47
28
28
33
36
29
37
40
48
28
43
33
37
25
39
41
39
38
40
26
31
26
30
49
41
36
44
43
29
30
28
28
36
29
34
45
27
36
36
46
33
66
35
26
34
31
29
27
49
41
58
43
26
30
33
31
30
27
35
37
33
49
31
38
27
33
28
35
27
29
45
33
45
27
34
27
25
41
28
37
65
31
48
39
46
49
34
67
43
54
35
36
45
38
33
34
36
64
35
42
32
43
39
27
41
44
37
32
30
37
35
30
31
34
29
30
30
32
31
25
36
25
24
34
38
25
32
37
42
34
43
35
26
38
34
32
33
37
27
27
36
37
26
41
29
35
28
38
44
29
35
38
35
37
24
25
35
49
32
23
32
38
27
38
32
36
86
63
48
79
31
34
39
36
48
32
30
28
40
38
33
56
73
29
37
31
26
30
37
35
44
29
31
30
38
27
37
35
28
34
37
36
34
164
54
34
107
31
35
27
26
27
40
58
38
32
30
28
25
33
39
28
43
35
26
29
26
52
51
56
45
42
30
32
44
28
28
33
39
55
47
27
39
41
42
27
31
27
39
33
51
32
28
33
32
35
30
28
38
34
34
39
51
38
32
34
29
36
34
43
30
38
33
34
27
32
28
32
37
42
39
34
28
37
43
36
40
46
46
39
30
51
35
27
35
40
29
30
38
53
35
42
26
31
28
46
31
36
31
29
42
40
71
40
39
35
49
36
32
38
31
27
34
40
49
52
33
31
36
50
26
32
40
42
36
42
27
36
42
33
50
27
39
26
37
34
32
35
39
33
35
35
37
36
47
29
33
42
38
45
27
42
26
34
23
28
29
29
43
27
35
33
28
34
37
45
36
29
32
39
35
23
37
34
29
36
45
41
32
41
39
31
29
36
37
34
42
31
33
49
38
36
45
34
38
31
44
34
31
33
37
50
28
29
29
29
30
28
35
30
47
48
40
28
41
55
25
28
28
44
28
35
32
39
36
49
32
36
32
44
33
37
40
35
37
32
23
52
29
40
32
26
29
30
34
38
37
36
40
33
30
38
34
30
35
41
34
37
43
37
39
45
27
33
43
53
33
33
40
35
46
29
36
27
49
29
29
34
32
27
47
33
26
33
29
44
49
38
42
39
40
52
51
64
23
55
32
30
29
51
36
37
25
39
53
69
37
31
35
33
38
36
37
39
30
30
30
29
29
39
28
29
34
38
30
30
29
33
44
32
35
44
33
42
28
31
43
33
33
32
39
41
31
32
39
27
25
31
42
30
31
37
34
28
32
26
40
29
23
33
39
30
29
34
27
36
44
43
43
60
32
31
42
41
39
27
51
26
37
71
55
44
27
33
30
24
73
34
34
29
33
32
29
29
30
34
40
28
27
29
40
32
28
28
29
40
31
33
39
40
48
30
37
28
27
33
32
51
26
44
34
33
26
28
31
44
52
33
60
68
29
39
47
35
39
34
26
24
49
31
37
28
32
32
27
37
42
49
48
30
43
32
38
45
34
30
39
34
34
26
33
34
32
34
27
38
39
29
34
26
28
34
30
33
34
32
25
24
37
34
33
36
30
45
43
40
35
38
29
23
33
29
29
42
34
32
26
30
31
33
40
34
31
36
43
27
28
30
24
33
27
42
29
40
30
37
31
33
42
22
28
45
31
25
29
37
35
30
46
31
26
33
33
30
31
33
34
29
34
34
28
44
34
35
26
39
26
36
35
30
44
41
31
31
29
33
45
28
28
38
28
23
32
32
31
27
37
32
36
36
45
32
37
29
34
29
28
29
31
27
36
35
30
39
31
39
35
24
40
37
32
42
36
32
30
44
29
30
35
32
28
29
37
41
32
40
24
34
33
28
34
29
31
30
28
35
24
24
36
27
29
37
35
32
50
34
37
63
28
24
42
24
27
37
30
29
34
28
47
33
39
30
30
39
28
31
37
42
33
39
34
43
29
44
29
37
27
32
43
44
34
29
38
41
30
36
35
28
30
29
27
36
40
29
28
31
30
37
47
34
25
32
31
26
31
43
45
29
42
27
27
28
30
30
29
30
33
32
34
21
28
34
45
33
30
38
38
27
33
46
28
41
34
33
32
38
41
41
39
41
30
28
32
32
47
56
28
43
34
44
38
43
44
55
44
56
37
60
61
66
38
56
45
36
35
28
27
33
32
27
25
41
28
27
29
26
42
35
30
31
29
29
33
29
34
28
41
34
46
28
36
34
40
29
34
33
30
36
30
35
35
28
31
32
32
37
37
32
24
35
32
34
27
36
28
70
61
64
53
48
41
36
35
49
42
48
32
28
33
37
26
33
38
35
36
55
28
26
40
29
29
26
44
49
55
48
40
36
53
31
31
30
41
38
67
29
35
41
33
45
44
39
42
37
39
40
34
28
49
34
32
32
32
41
25
35
41
34
34
30
27
25
39
33
28
28
33
30
25
32
40
49
30
39
48
29
30
52
41
24
35
39
33
42
52
36
42
30
40
32
35
28
36
34
32
29
39
39
31
32
41
42
32
33
33
32
31
35
42
38
32
40
34
41
39
37
45
45
32
34
33
48
38
36
24
35
38
34
35
36
35
33
32
35
34
33
28
25
48
32
33
37
33
43
38
27
33
49
34
53
34
34
38
35
33
31
51
39
37
40
40
32
35
34
33
33
32
33
47
46
28
37
30
38
45
55
38
43
32
46
57
38
28
39
31
29
31
33
29
35
27
31
34
42
35
38
36
46
56
27
30
33
26
30
46
39
34
30
44
41
28
28
43
47
29
34
30
28
40
28
51
53
26
35
48
48
30
37
30
34
58
40
25
53
43
39
33
29
27
35
37
31
44
27
36
28
32
29
39
34
34
48
34
37
33
29
32
29
43
27
29
42
33
41
29
34
37
25
47
29
41
48
34
27
121
48
44
38
50
39
28
46
31
32
37
46
31
36
30
28
37
41
43
36
32
40
24
34
34
34
30
53
28
30
39
42
31
37
30
29
32
30
46
23
60
36
27
31
29
40
39
25
32
26
30
29
33
36
35
39
29
30
33
41
32
34
26
29
34
52
29
47
33
33
33
33
27
59
55
37
36
37
36
49
33
36
39
41
51
37
40
44
36
28
31
36
42
30
39
30
30
30
28
34
32
29
32
33
42
34
26
33
34
27
31
29
29
31
32
35
30
26
24
31
33
36
28
37
35
25
37
28
42
38
42
45
53
36
29
37
26
37
29
45
70
40
29
29
34
36
35
67
52
61
52
39
38
50
35
50
37
41
47
46
27
27
36
54
46
33
25
34
39
55
40
33
38
30
35
33
29
43
32
37
37
31
33
35
53
39
33
32
36
49
46
39
31
31
45
35
40
41
27
28
50
41
40
31
33
45
38
35
27
32
35
31
40
40
38
33
108
29
33
27
27
36
33
31
35
34
34
31
34
23
31
41
44
52
40
37
24
34
26
38
32
35
41
31
49
25
28
44
40
41
40
41
29
38
24
36
33
34
30
30
39
29
34
42
35
38
31
42
28
35
36
34
31
36
30
43
32
36
36
32
36
29
46
33
30
30
318
43
33
28
43
29
49
57
35
43
38
72
31
36
27
45
31
31
31
45
30
33
29
31
30
51
31
38
32
25
28
26
38
30
29
31
40
34
29
32
43
31
109
62
68
31
63
47
55
132
36
44
66
31
32
47
30
86
41
29
30
30
24
35
32
36
32
38
25
26
25
30
28
173
36
66
29
31
63
32
30
38
43
84
45
67
62
92
27
26
125
31
30
31
35
34
35
32
39
48
99
34
80
52
51
214
83
47
83
30
29
33
32
80
47
49
100
41
45
71
30
182
38
31
101
27
63
31
28
31
27
31
32
33
34
28
62
40
37
102
92
106
618
320
46
36
38
26
42
51
42
28
236
164
102
29
98
32
33
32
57
32
30
31
65
66
28
31
28
45
42
32
45
32
58
61
33
32
26
26
29
38
42
31
66
100
37
50
32
31
94
35
67
84
116
54
82
48
38
83
30
67
73
65
52
88
110
74
83
50
80
98
106
87
84
59
87
110
120
37
31
70
34
31
36
39
38
52
28
36
109
54
27
40
52
124
87
52
44
49
60
35
41
49
36
29
34
37
29
40
31
30
35
33
42
31
33
24
29
27
25
29
35
28
27
23
27
33
26
26
22
25
32
25
48
28
26
29
37
40
31
45
39
30
32
28
27
33
33
28
24
32
30
29
30
30
32
29
35
33
30
32
31
29
25
26
24
27
30
29
25
27
48
25
30
34
29
29
32
40
40
25
28
26
26
27
26
26
24
27
43
40
29
27
28
28
27
25
27
29
26
25
26
31
31
33
34
37
26
28
31
30
31
34
38
26
32
27
40
26
25
23
28
28
27
28
24
26
22
34
30
34
30
26
34
30
33
28
32
29
34
28
32
25
27
27
33
32
32
35
28
29
27
28
30
29
34
34
37
27
27
26
27
30
31
26
30
35
35
23
26
28
26
26
28
39
28
26
31
30
27
29
27
22
29
36
30
28
32
27
26
34
36
26
24
41
32
32
26
30
27
29
27
32
27
27
27
30
25
33
47
29
