80
39
29
43
21
60
92
40
58
59
53
98
66
106
65
115
104
144
93
107
33
67
41
38
74
59
48
50
71
109
73
29
29
40
30
30
31
28
29
33
29
50
44
39
968
59
56
77
103
39
67
49
107
124
50
97
37
27
96
49
90
91
43
27
71
35
71
60
64
104
36
57
101
51
63
50
49
87
65
40
51
139
56
94
101
64
34
65
43
79
101
43
60
36
43
88
30
43
28
37
83
57
37
36
28
35
28
40
39
39
34
56
33
32
30
31
58
96
63
40
46
52
89
53
49
57
80
45
24
63
39
80
39
27
33
99
70
60
44
42
49
66
96
54
72
58
88
78
49
78
70
48
110
82
41
50
47
49
62
48
111
37
33
58
63
33
34
51
36
51
74
63
65
64
55
52
47
44
39
31
85
52
35
35
27
55
1126
84
107
121
49
94
53
88
63
116
59
55
75
519
204
447
75
124
105
62
142
177
56
83
91
180
86
53
63
92
63
97
54
88
97
124
253
253
673
144
196
279
131
82
66
94
171
88
180
66
45
39
96
74
63
117
67
218
46
179
102
129
109
127
97
129
208
99
98
75
185
71
124
42
65
129
81
65
72
78
87
103
62
71
85
75
50
89
45
46
85
230
428
285
117
39
121
50
132
92
106
113
65
67
251
49
218
103
65
62
70
82
261
197
53
239
222
53
93
173
116
71
157
70
145
126
152
57
93
143
112
82
84
100
78
143
153
395
108
592
2864
135
93
36
66
51
43
33
107
33
48
38
73
36
37
53
44
108
55
53
95
56
96
51
38
51
82
73
54
54
42
74
38
60
73
26
41
32
66
126
83
83
66
62
29
78
36
66
77
47
36
44
46
64
49
39
53
68
66
80
54
36
30
32
28
31
29
28
38
36
41
35
30
67
45
87
91
101
81
64
66
24
51
71
46
79
68
65
72
75
44
53
92
88
37
57
47
39
26
45
50
34
54
58
82
83
43
21
69
70
47
50
44
78
53
37
45
45
80
36
57
45
69
40
32
52
30
47
31
34
41
89
44
62
40
44
72
29
26
83
51
73
43
30
35
40
94
51
32
33
32
48
34
32
46
49
73
5272
4997
1331
2332
38116
60
49
101
74
51
150
73
133
49
110
40
128
138
87
142
98
65
62
51
53
161
64
84
122
41
90
54
83
49
55
44
36
188
49
55
75
143
105
67
114
97
74
42
140
34
121
194
120
41
103
48
42
34
33
37
50
41
49
33
39
44
107
47
55
152
250
78
130
104
68
83
74
138
67
56
116
139
92
69
117
54
179
140
155
269
148
103
77
176
112
81
153
51
122
154
146
58
30
41
49
42
3677
68
84
491
286
80
135
275
44
62
120
117
88
88
326
98
124
109
356
128
364
82
70
176
168
318
232
55
142
50
118
41
304
59
81
31
36
41
36
50
57
49
53
44
180
196
98
221
112
47
52
52
147
120
99
202
353
132
73
36
100
123
114
135
147
134
64
72
108
233
37
239
66
93
91
122
110
122
91
269
113
247
39
77
42
32
39
36
36
45
35
37
32
49
36
35
3919
350
228
34
186
172
561
64
442
252
475
415
74
133
39
52
48
59
38
40
43
46
40
43
43
48
904
98
128
190
213
61
177
147
220
89
486
302
215
54
94
257
426
100
175
64
325
69
41
42
48
49
37
51
39
63
42
121
48
46
48
128
113
80
82
66
47
146
61
138
479
104
390
47
358
65
89
335
123
100
139
79
241
142
345
59
368
99
91
41
340
157
51
37
52
49
45
42
38
50
49
52
35
34
156
4248
43
36
41
44
40
46
46
51
198
98
177
42
136
73
66
48
122
187
133
107
136
128
138
282
425
48
75
100
406
66
119
67
147
364
137
239
45
75
161
193
58
58
67
48
49
40
38
45
36
50
39
39
37
38
46
36
54
58
52
39
47
42
181
212
82
100
123
201
68
427
243
264
53
179
136
62
89
277
62
379
214
319
282
277
159
283
66
90
46
59
38
39
38
38
40
53
47
65
321
128
57
44
188
206
143
101
160
214
258
64
273
97
333
54
48
498
301
86
229
53
316
51
112
121
86
49
35
50
47
48
38
182
4276
46
38
45
34
26
52
48
45
42
43
46
45
35
42
41
40
40
43
45
82
5262
44
45
45
57
169
2999
1337
57
57
39
62
43
47
58
40
65
99
548
196
83
82
231
94
109
293
139
62
416
364
3633
43
54
49
48
50
60
44
1071
48
89
79
269
96
135
335
45
115
195
83
262
192
120
149
106
70
107
55
124
117
87
79
47
58
41
50
44
56
2776
34
30
72
49
50
1283
32
56
53
35
71
66
33
46
59
26
38
64
25
26
36
33
42
26
51
60
71
42
33
40
59
27
60
50
43
74
26
29
30
46
28
45
55
34
42
47
47
41
45
58
510
187
94
80
65
124
179
108
40
59
136
95
89
77
44
66
77
45
49
113
34
53
44
100
55
57
100
111
57
112
84
31
64
72
62
101
60
84
61
29
30
83
38
36
76
51
54
45
47
44
42
47
52
40
38
131
43
35
55
49
56
47
43
44
73
69
55
29
51
79
36
38
46
51
60
28
34
63
66
58
33
45
57
39
66
74
54
50
40
31
30
44
56
44
57
75
61
67
60
107
35
26
57
63
69
55
30
49
25
86
75
40
39
48
66
34
69
39
79
32
87
42
38
54
55
32
51
64
39
43
48
55
54
47
32
56
161
209
48
61
31
76
58
54
34
43
58
67
42
36
80
37
93
35
86
96
54
25
29
38
44
54
35
29
84
35
44
74
36
36
45
92
89
96
44
49
62
70
72
105
36
38
42
138
95
72
36
30
33
30
31
37
38
40
50
35
31
38
130
588
490
1557
44
89
78
127
36
264
124
44
124
31
86
114
56
88
67
83
127
272
211
44
183
75
144
150
89
271
193
212
89
69
314
71
46
39
39
41
45
36
53
56
53
142
69
110
161
83
171
96
85
162
40
110
142
242
56
173
122
87
182
104
259
48
51
99
84
188
105
87
110
34
51
55
102
57
103
103
68
46
38
41
45
38
46
42
47
48
50
119
152
129
61
106
182
135
168
98
78
62
140
103
206
27
98
34
71
43
41
43
86
191
96
87
63
33
36
59
98
112
93
136
48
76
115
105
84
28
108
90
74
63
100
38
54
43
90
113
44
76
54
91
105
75
55
80
113
89
101
54
95
99
82
132
75
69
53
136
96
72
150
51
85
53
61
66
45
160
69
125
49
103
159
49
132
260
59
45
141
70
75
144
21
68
252
96
95
117
110
114
67
39
138
78
121
52
104
166
478
48
127
136
71
106
29
131
124
74
128
159
32
90
107
52
81
72
74
66
218
101
94
66
61
53
81
99
43
91
27
145
29
49
54
72
205
35
66
103
128
160
90
58
145
179
87
231
201
231
87
99
33
231
142
82
267
195
59
103
272
45
179
171
113
80
73
134
147
246
187
94
137
63
187
51
52
28
37
27
41
43
81
47
273
39
83
162
76
74
151
227
51
268
814
147
148
181
70
110
99
98
54
123
46
132
83
53
66
123
58
41
42
50
4375
53
66
16103
1174
2213
32
28
31
32
27
30
26
27
39
26
32
27
30
24
27
26
258
35
38
24
32
37
27
24
37
40
30
42
38
30
38
46
26
32
36
48
35
38
45
27
48
44
25
61
62
34
34
31
45
36
54
43
32
45
33
33
49
31
28
82
46
90
68
77
80
43
67
87
52
68
27
44
43
56
36
60
29
72
77
77
48
49
62
27
26
25
33
38
30
31
32
47
39
34
23
36
25
31
30
26
38
31
32
38
34
42
30
37
28
35
25
29
30
34
93
55
25
27
47
52
62
36
28
27
32
39
33
35
50
34
26
43
37
50
30
38
45
69
29
25
24
28
29
24
58
31
33
33
50
45
57
42
31
27
54
51
26
46
63
53
30
49
21
28
38
36
68
32
27
36
34
34
28
43
36
52
817
32
30
27
31
26
38
34
36
54
33
42
31
47
37
41
29
35
35
59
90
29
37
25
57
33
44
60
30
65
41
33
61
53
34
71
36
25
38
33
36
33
35
24
54
48
76
56
67
41
50
52
41
54
36
83
81
50
45
59
63
75
66
56
41
39
44
69
69
68
54
39
84
61
61
68
47
28
63
38
26
23
25
24
42
34
27
46
28
30
28
30
36
30
27
30
39
66
37
41
37
26
30
32
48
35
47
46
50
41
21
47
33
33
23
39
22
43
22
26
29
51
35
60
35
31
28
27
59
52
35
28
49
43
34
28
53
28
39
51
34
35
36
34
46
47
58
60
42
33
47
34
59
45
47
33
34
27
26
38
52
32
788
35
27
77
43
51
27
39
32
31
65
38
30
43
56
36
52
28
43
79
46
78
65
51
83
29
35
50
28
32
25
54
29
23
40
55
90
71
92
38
35
60
36
39
38
38
50
38
44
31
48
37
58
24
49
28
52
31
47
40
33
34
48
34
32
61
75
42
78
33
43
79
46
40
77
38
47
73
44
31
28
38
41
43
53
27
39
27
26
28
22
23
29
29
25
27
27
27
28
30
26
32
28
37
25
25
94
71
29
25
28
26
25
24
25
25
26
26
24
23
23
24
24
23
23
23
23
23
23
23
38
22
27
27
28
28
26
27
27
26
51
41
52
240
136
159
147
96
34
280
186
44
104
210
137
249
180
73
154
174
144
153
50
415
35
41
171
39
110
73
221
206
335
72
69
27
131
35
156
30
26
29
26
24
30
29
29
27
29
25
35
26
28
28
27
53
32
27
25
22
32
24
27
27
32
28
37
37
64
395
99
66
289
55
127
63
254
139
65
87
209
267
230
36
224
39
227
50
213
82
228
58
207
74
202
439
241
53
111
123
150
108
116
138
182
45
33
131
206
43
71
35
141
96
233
230
33
46
160
55
328
115
87
183
322
130
35
59
167
73
31
57
28
45
38
43
416
88
79
101
235
53
366
131
106
172
36
314
117
133
87
121
208
75
49
68
56
65
51
71
46
75
42
73
48
58
42
63
117
142
90
38
131
114
98
212
383
185
371
170
361
148
78
75
88
165
112
94
95
74
164
50
65
86
55
126
32
94
49
49
147
74
70
116
637
60
98
105
78
215
129
31
95
124
72
177
138
83
225
214
191
267
31
502
70
50
98
470
243
114
93
110
202
107
85
231
51
147
61
96
369
42
69
181
43
29
106
491
89
45
91
171
61
38
253
153
85
49
33
126
71
34
53
189
178
125
36
85
44
57
42
95
115
44
49
49
99
141
132
56
149
36
85
225
223
210
114
56
105
52
105
83
57
169
56
99
125
47
74
99
112
142
69
199
38
29
99
259
67
49
58
84
51
135
194
113
33
46
48
171
47
73
36
117
44
236
169
163
42
84
36
74
372
82
151
48
49
124
161
126
201
109
118
38
124
53
131
36
32
129
179
55
80
114
209
107
49
245
52
93
91
142
116
126
51
74
53
149
104
39
134
39
69
61
65
126
108
47
262
88
690
93
84
133
53
164
49
155
64
189
85
142
129
69
47
62
181
41
110
114
61
32
27
41
31
27
35
28
27
31
32
38
29
30
34
27
29
29
26
29
34
30
49
75
46
29
33
26
32
37
67
71
48
41
55
2743
38
45
37
126
2009
159
55
98
42
72
71
109
62
113
140
56
137
41
52
117
56
42
105
193
221
182
153
186
47
207
69
109
79
195
224
90
152
28
134
123
92
48
122
133
58
73
138
362
161
68
183
68
33
122
53
50
93
40
88
44
141
44
174
148
168
50
124
72
110
204
119
162
55
110
115
52
55
92
219
109
147
65
170
195
64
92
60
157
64
84
62
58
112
52
68
113
38
107
347
42
38
138
113
159
58
44
37
39
57
76
60
158
32
139
113
194
68
80
152
127
27
140
111
104
203
197
91
128
127
82
75
86
94
113
70
97
163
146
74
127
121
85
149
35
195
122
54
123
146
89
85
202
53
34
85
41
38
156
140
70
164
100
57
70
59
38
53
61
45
68
92
119
61
64
106
52
35
159
326
56
52
165
145
45
141
156
53
56
102
123
67
58
152
91
56
49
145
73
50
53
89
56
95
77
78
100
187
85
155
102
53
37
199
108
56
86
57
90
48
110
44
33
41
144
35
48
71
156
36
58
73
53
118
116
28
163
68
132
53
75
150
101
153
98
114
59
319
164
110
252
119
63
50
148
74
38
96
106
48
92
51
84
42
111
97
54
138
39
148
72
95
69
76
90
34
80
122
111
114
42
226
48
61
109
68
65
182
65
115
80
88
38
108
105
37
127
91
93
68
49
35
78
55
65
256
145
51
92
66
38
236
162
114
71
42
74
88
68
51
52
164
69
182
78
46
68
34
93
102
118
57
76
93
54
193
143
168
70
52
156
58
101
94
71
155
89
151
291
58
41
183
179
141
105
66
182
283
52
123
38
132
61
133
99
275
200
95
45
92
47
98
80
179
35
135
78
137
89
104
188
124
129
149
31
67
113
70
46
108
250
146
54
63
137
91
59
78
117
166
43
55
145
188
104
35
136
181
219
70
91
80
140
106
39
110
61
88
91
113
113
56
41
72
121
80
142
52
259
77
29
562
93
85
191
61
254
197
304
143
267
186
44
100
65
125
205
44
77
185
188
189
124
58
65
86
258
231
107
229
37
271
40
254
53
295
125
1556
291
290
39
236
31
166
226
43
48
151
116
57
226
34
388
2458
94
155
65
404
79
252
138
210
138
135
164
122
214
266
366
306
364
157
292
142
145
303
84
177
93
177
148
39
64
211
222
162
124
232
67
50
264
48
234
62
65
191
84
46
253
162
64
126
152
325
98
215
643
42
36
34
33
36
54
251
75
36
234
279
240
40
202
229
44
145
32
143
37
112
36
175
165
97
182
111
82
56
111
129
73
209
45
200
68
236
262
78
68
278
302
168
252
43
252
149
33
183
49
50
261
222
107
226
52
176
319
240
93
215
133
322
140
49
246
29
368
590
74
70
153
67
173
146
63
270
119
57
151
433
155
78
90
173
213
42
211
125
114
37
243
130
311
127
95
307
99
300
35
83
49
415
126
59
255
189
54
128
124
176
56
89
36
44
126
72
46
72
121
119
63
104
284
37
244
178
59
39
91
37
74
74
88
140
180
149
160
87
149
130
82
129
239
202
43
129
79
123
239
156
249
85
49
57
129
50
67
116
61
215
284
189
92
72
141
73
60
33
52
72
137
92
212
65
187
44
231
107
46
166
154
100
95
191
34
155
232
35
124
41
159
234
50
124
313
155
91
162
147
61
38
147
123
128
47
31
150
74
105
92
213
128
39
178
30
42
62
683
34
242
37
97
86
61
137
123
31
63
167
165
38
107
84
57
61
73
46
213
180
130
85
150
44
281
72
102
62
113
153
212
126
170
98
138
74
143
41
150
40
33
34
49
82
206
67
95
97
35
99
110
216
121
65
139
117
37
132
102
59
35
177
34
54
43
198
62
125
121
317
97
149
79
68
167
76
106
256
50
200
115
120
64
107
172
113
148
50
48
43
63
55
91
111
130
215
110
84
64
167
92
31
202
52
57
103
89
164
43
102
99
81
149
156
187
41
83
150
120
134
120
155
192
111
138
144
121
107
47
196
82
140
169
62
115
197
100
43
100
107
133
36
483
64
111
58
130
117
69
87
47
118
183
64
189
178
48
130
227
232
60
42
133
54
86
105
138
132
85
42
136
76
37
45
82
213
92
51
167
105
39
46
68
113
59
171
86
90
57
179
63
350
89
143
44
43
62
32
143
50
75
136
120
214
48
131
169
53
132
45
68
36
250
35
62
74
142
69
131
51
62
88
63
42
108
189
147
193
100
78
149
72
40
34
58
123
197
120
193
63
63
48
203
57
100
565
98
85
67
44
65
82
56
60
58
122
42
74
34
45
86
59
157
69
33
73
62
74
151
207
65
80
44
40
79
70
197
99
55
89
127
77
43
26
35
173
205
25
36
51
50
107
270
83
56
67
258
102
64
57
30
36
43
49
28
64
52
84
72
71
80
72
27
110
64
53
83
93
29
41
57
79
38
96
90
48
39
42
40
136
167
151
107
185
80
96
33
93
107
61
103
97
147
86
235
800
96
64
940
258
1512
31
3680
35
46
31
66
234
1098
199
94
35
32
53
42
91
187
193
71
119
204
54
84
37
145
137
219
154
54
35
46
37
39
39
40
31
37
26
39
34
31
42
42
30
32
44
45
35
27
37
38
47
38
39
33
39
29
37
36
33
26
36
38
26
32
33
30
32
25
28
28
32
26
45
36
34
33
28
40
32
27
27
33
37
29
27
29
32
25
36
28
27
29
27
26
25
24
24
30
30
28
25
25
24
28
27
27
25
32
27
26
31
24
23
27
29
28
24
22
27
50
35
26
29
28
23
26
27
25
23
23
27
26
22
25
27
31
29
26
28
23
26
23
23
29
28
34
29
26
33
34
38
27
26
25
24
22
24
24
26
26
22
23
23
26
24
26
25
28
37
26
23
27
28
32
26
60
25
27
24
27
26
26
24
29
29
27
28
28
32
30
30
28
26
27
27
25
24
24
28
28
27
26
26
26
25
27
24
30
28
26
29
24
26
24
27
27
25
26
30
34
32
24
25
26
27
24
27
23
22
34
25
31
31
30
32
25
24
24
25
27
21
32
27
27
28
24
24
26
21
21
22
26
24
29
25
29
26
30
30
26
31
27
26
24
25
22
28
22
24
29
25
23
24
26
28
27
36
25
23
25
24
25
44
22
39
34
25
27
25
28
24
24
21
24
25
26
28
26
35
30
25
26
25
27
23
35
28
40
47
81
31
41
33
36
38
125
29
23
33
24
31
24
33
22
31
49
26
37
29
28
98
44
28
23
23
26
38
25
26
23
27
28
30
24
22
23
26
26
29
28
24
26
26
28
27
26
27
28
30
37
24
25
23
21
50
28
26
29
43
28
28
29
29
46
29
28
24
30
21
29
30
23
32
27
36
30
24
27
30
28
27
22
23
23
27
23
25
32
30
29
27
26
26
27
25
26
22
35
26
28
27
28
25
118
174
41
53
68
193
64
69
117
42
122
40
110
51
130
75
134
73
106
290
51
27
227
67
75
50
70
91
33
104
101
71
65
187
142
59
57
70
264
104
70
48
40
50
44
53
195
33
178
89
88
83
49
43
99
103
81
248
68
135
109
163
41
55
101
62
266
1002
31
32
39
50
40
58
77
74
69
59
37
34
38
46
61
91
49
60
35
55
85
106
83
46
39
30
26
27
28
32
34
29
26
34
30
29
33
31
25
31
37
89
94
52
48
80
34
88
125
52
159
143
185
40
30
71
131
76
30
64
514
136
79
49
77
129
35
174
140
114
422
25
38
29
26
29
38
33
30
39
36
34
27
37
35
30
24
29
28
35
35
33
35
41
31
42
26
25
37
35
36
35
35
38
28
26
32
29
52
35
37
26
25
43
28
32
34
25
38
28
28
24
26
62
28
30
27
24
22
24
24
25
23
24
25
23
23
23
72
131
48
30
93
65
57
84
47
111
46
72
259
414
104
91
101
76
140
76
127
104
121
127
160
48
44
71
275
65
129
36
23
38
38
34
33
30
40
51
40
39
28
30
35
150
76
73
43
86
32
38
104
107
43
34
127
52
59
164
110
68
70
24
89
97
94
32
130
342
86
104
385
129
66
91
26
39
30
28
36
37
29
28
37
39
29
33
29
32
29
25
43
45
38
31
48
32
44
102
51
43
45
50
58
55
57
33
29
24
76
80
266
117
39
77
187
53
69
233
120
52
51
44
147
122
67
28
30
38
31
59
66
23
87
110
27
52
54
364
31
37
42
35
26
34
39
32
31
37
35
31
39
40
30
28
23
34
31
141
84
97
66
68
33
393
118
95
130
123
102
147
294
77
87
314
88
77
161
48
164
207
63
263
118
58
30
27
34
28
35
41
31
42
26
33
40
35
42
63
2485
131
74
28
137
282
111
34
46
44
37
42
35
50
42
31
36
62
157
46
24
80
163
89
158
115
365
65
113
56
159
32
35
46
101
68
40
84
57
29
73
36
37
116
32
44
82
36
50
92
42
35
29
64
64
69
48
52
80
95
172
49
33
48
47
34
44
28
31
44
46
33
45
58
28
33
42
38
47
43
45
59
47
51
58
47
40
28
27
31
39
36
37
25
29
25
27
29
26
1459
216
195
238
224
30
128
162
111
98
252
204
770
39
31
39
41
36
46
53
46
33
46
33
33
25
30
29
29
37
32
24
37
35
48
11605
57
55
53
61
37
38
52
54
3786
19816
1344
401
110
124
523
233
307
364
466
153
1184
264
204
152
402
173
205
187
280
160
448
187
641
273
285
763
476
162
117
247
217
324
1232
443
1393
792
75
104
694
1161
1075
543
499
41
34
43
34
35
35
56
55
47
57
112
4027
103
52
79
138
719
288
736
357
245
172
29
245
74
138
87
113
53
29
30
48
3524
45
40
38
87
299
237
189
33
161
24
103
35
243
123
235
237
65
249
46
69
73
392
103
289
240
35
41
32
43
33
33
2554
38
32
27
34
3685
28
50
53
33
2815
58
35
42
33
30
76
63
29
28
29
46
34
39
30
23
42
30
35
28
31
46
30
20
21
35
37
52
31
49
35
44
47
41
43
39
43
30
24
62
41
68
43
47
52
47
44
50
36
31
47
47
83
38
33
42
29
26
50
44
52
68
37
60
32
40
20
51
29
23
28
65
32
192
2855
40
29
34
70
58
3922
44
60
34
29
33
34
30
42
36
41
31
50
157
283
203
130
136
143
93
41
48
147
158
1606
42
29
35
32
47
35
32
30
43
32
35
25
36
79
34
36
32
24
30
32
31
21
36
25
26
16
35
32
21
24
32
37
24
31
26
25
44
33
30
21
32
29
28
27
27
28
61
29
30
41
27
26
50
27
36
31
37
30
28
30
41
51
41
56
36
53
34
28
29
34
33
42
22
38
41
49
41
45
40
28
26
28
20
25
28
26
34
34
24
51
41
31
23
27
24
38
28
49
27
35
35
38
27
43
84
44
29
30
17
314
851
350
37
344
36
64
136
87
54
21
41
26
34
31
27
25
27
28
20
27
32
29
20
23
33
27
40
40
32
21
24
30
27
25
28
24
26
37
23
28
26
23
25
39
29
46
27
37
32
43
24
32
30
25
22
30
36
23
28
41
26
40
24
24
22
37
28
37
21
33
32
39
32
30
44
21
21
36
26
30
38
61
36
41
24
27
23
36
25
30
26
42
34
25
29
37
29
31
45
31
35
42
29
33
28
82
142
2509
35
35
34
30
29
38
61
2459
39
32
37
37
65
2686
34
35
39
34
34
76
56
31
35
41
60
27
32
52
24
35
23
25
33
32
20
25
36
30
42
47
28
29
30
23
23
34
25
36
41
27
46
34
41
29
44
27
23
39
25
24
22
31
47
34
25
29
47
38
29
69
31
30
24
24
27
37
37
19
25
61
36
46
37
23
35
22
64
32
43
26
47
20
32
33
30
48
23
57
23
33
29
25
27
50
32
42
29
70
2487
33
25
31
46
30
2766
27
42
44
36
29
40
34
27
83
68
31
44
27
55
39
89
4269
39
41
32
3051
43
30
44
55
36
9552
65
8876
72
45
71
4766
54
59
35
51
59
63
37
69
77
103
3459
69
46
31
2925
29
34
54
38
36
41
28
2134
73
53
335
71
95
115
243
39
68
233
29
39
30
51
3997
41
44
40
40
42
29
30
29
31
34
29
30
32
29
29
25
33
50
96
215
185
120
59
72
154
129
79
184
116
106
74
225
113
58
190
103
214
53
76
136
241
135
93
30
204
182
171
121
141
111
86
81
42
36
28
30
35
32
29
26
27
38
26
32
25
30
48
38
43
32
38
80
170
29
196
38
50
43
118
2987
49
33
29
34
31
72
30
46
28
27
30
26
37
40
1356
29
31
25
37
34
25
30
33
25
32
22
28
31
28
29
28
29
24
29
30
28
33
25
29
35
28
28
28
27
28
33
25
28
22
150
189
262
407
433
426
459
275
134
330
141
318
172
202
133
152
198
279
41
31
31
55
31
51
42
42
44
33
45
47
37
43
29
50
38
41
33
32
49
45
26
28
44
32
40
57
37
31
37
33
61
49
31
23
23
26
25
26
26
24
24
27
27
91
77
297
223
144
275
109
58
68
92
63
105
106
90
134
64
92
129
100
30
82
129
117
57
62
56
57
52
123
99
111
133
38
31
27
42
31
38
23
27
23
27
27
36
28
26
34
36
31
26
29
36
33
37
28
40
35
31
40
30
32
28
23
32
30
33
35
28
27
35
31
44
36
33
25
24
28
21
23
23
29
22
22
41
30
24
23
24
24
26
24
25
20
27
23
22
27
23
22
26
23
112
237
105
41
134
117
61
132
186
852
312
410
177
74
135
229
121
24
25
28
50
26
32
24
28
37
28
25
31
27
25
48
72
35
107
107
41
59
26
33
45
105
73
134
127
74
181
58
44
34
80
39
62
47
51
39
25
29
107
45
28
38
69
111
112
68
61
25
60
59
44
28
58
29
34
30
43
68
35
85
33
74
86
113
30
89
57
47
104
58
69
26
51
55
30
27
36
56
74
60
37
31
50
43
80
3159
33
41
69
74
172
30
124
30
35
52
116
99
25
66
31
36
76
66
37
53
178
81
70
99
87
108
162
103
170
90
30
214
100
107
134
47
131
112
41
122
61
99
52
75
62
47
44
39
35
35
36
3161
99
41
32
53
36
38
40
82
62
134
70
115
130
174
46
86
294
298
53
164
87
35
38
75
270
103
185
218
117
115
100
180
107
45
31
28
33
33
36
44
183
252
75
216
302
199
226
60
152
44
32
393
138
101
239
256
96
75
204
74
44
29
75
191
70
99
183
195
118
115
120
57
290
555
34
93
122
79
50
170
57
55
38
153
296
107
171
32
37
31
32
74
3096
28
111
105
46
113
52
54
37
92
42
35
79
31
45
67
65
31
126
48
418
384
789
75
63
47
71
73
82
43
25
34
59
33
27
43
35
42
720
87
652
86
435
107
68
52
77
77
40
47
103
52
69
105
64
77
98
56
167
84
79
102
66
248
69
121
39
40
68
36
35
114
46
79
33
56
79
115
195
53
67
239
52
48
48
69
127
79
166
44
222
132
198
34
103
173
70
68
206
190
90
280
131
49
150
3418
74
50
44
627
158
268
37
41
69
82
87
167
36
177
33
80
197
168
87
82
165
245
62
212
93
101
103
34
94
38
31
29
29
40
27
36
31
79
3149
39
39
36
43
30
47
51
166
34
101
159
51
47
85
30
214
85
264
75
45
166
67
88
65
238
47
52
88
106
192
61
78
231
95
134
168
83
34
30
31
30
39
27
26
33
142
103
95
81
114
190
55
236
86
126
69
150
76
210
36
80
143
95
74
60
91
136
104
95
61
274
80
108
115
51
286
40
55
35
33
72
485
345
109
37
134
188
73
229
291
29
225
34
294
43
276
166
76
236
157
142
121
148
99
103
31
40
67
46
80
33
35
42
26
35
39
45
40
4220
54
57
77
55
6974
47
48
35
35
47
36
27
32
43
28
49
49
41
34
35
36
91
4250
52
46
32
36
48
52
34
45
41
64
53
44
58
61
46
38
58
64
102
50
116
52
48
135
45
303
144
38
214
57
117
545
118
120
200
94
65
153
38
44
92
114
81
109
111
89
92
137
188
96
169
104
925
59
35
41
35
28
44
49
41
31
31
26
30
31
53
45
44
32
4117
30
35
34
170
202
59
252
183
241
37
241
217
50
126
161
138
170
43
173
159
51
105
44
48
36
121
146
63
75
108
142
88
126
48
147
150
178
174
96
150
170
176
128
40
37
176
134
127
85
45
142
212
108
59
135
106
111
58
137
258
393
65
354
225
263
92
224
72
45
170
80
243
193
51
46
165
57
129
197
95
38
37
113
83
73
59
112
224
72
88
45
72
198
29
76
49
85
121
109
167
36
120
55
156
44
112
539
113
728
205
285
333
761
84
34
46
34
35
29
46
65
3335
31
30
68
126
877
554
73
473
58
73
30
32
32
36
33
45
27
30
30
38
33
42
49
28
33
48
29
26
48
49
32
44
36
35
38
37
25
50
24
27
30
39
28
35
23
102
30
38
39
27
45
54
25
1230
168
83
110
30
209
139
62
83
72
53
70
88
70
120
86
34
61
30
113
27
58
66
96
76
48
83
39
82
52
97
96
98
106
115
156
77
59
81
129
807
72
101
97
151
177
36
50
82
69
115
90
36
42
28
58
51
38
62
68
42
65
87
33
33
47
53
75
54
50
82
86
60
62
91
88
86
180
141
130
107
31
34
40
87
80
42
91
94
138
60
44
47
69
63
28
65
55
43
82
54
85
101
52
54
58
80
178
47
72
202
59
99
79
82
38
78
173
76
38
42
73
57
78
68
61
122
586
47
62
68
48
31
68
101
30
61
96
129
73
147
182
84
92
35
279
126
141
287
122
283
47
108
106
62
61
72
54
45
48
63
60
72
56
32
87
116
88
90
106
63
62
55
40
39
61
40
32
85
39
89
44
89
251
364
93
91
129
42
48
60
417
407
100
49
119
34
64
63
52
211
64
130
237
78
137
64
169
150
42
31
43
40
30
169
80
36
38
34
23
316
79
69
29
85
40
142
26
31
95
87
68
182
78
29
29
34
37
41
31
22
37
43
26
29
23
28
29
24
27
48
104
26
78
127
142
29
30
57
54
122
54
50
83
78
61
28
84
100
62
70
44
73
57
56
49
48
99
30
59
57
53
57
37
54
54
42
49
84
68
69
95
61
53
88
53
39
27
31
23
40
29
138
40
122
29
29
33
47
28
27
30
274
233
186
246
69
231
55
579
359
27
87
41
28
30
48
106
152
282
158
232
203
88
222
60
310
296
112
46
471
154
346
251
173
261
141
335
35
32
33
37
74
2391
32
41
36
35
37
28
2592
6847
1122
69
132
31
30
34
488
395
351
200
279
176
194
243
42
73
550
54
74
209
297
325
245
90
145
160
224
59
263
92
97
29
32
31
29
28
152
9299
55
45
67
92
264
112
140
116
186
67
103
63
82
97
93
107
27
64
33
31
60
110
28
26
153
57
106
66
88
74
43
44
209
66
169
144
175
51
138
137
47
32
60
198
134
105
86
29
60
44
46
50
160
58
84
197
140
63
39
57
29
102
124
95
63
162
137
49
79
36
74
36
156
39
32
45
67
92
64
89
278
149
164
342
113
349
176
170
122
109
37
527
113
29
177
79
1672
39
1272
678
736
98
33
2878
37
2571
152
34
50
178
2706
85
116
328
146
229
35
286
134
49
110
225
60
36
256
69
63
211
361
203
196
59
210
39
208
74
92
47
220
91
167
175
168
121
48
163
119
136
177
77
48
75
43
151
133
123
51
186
75
126
98
58
89
40
57
33
33
48
55
53
2517
29
40
127
80
52
96
117
84
84
59
77
57
36
53
77
65
66
89
107
46
53
56
51
91
36
43
57
89
67
92
84
91
81
101
78
87
66
57
47
76
31
32
30
36
37
390
131
72
103
64
152
129
60
65
120
104
98
86
86
55
88
105
50
76
84
87
83
102
79
33
46
70
123
52
50
63
43
64
109
52
138
129
84
114
85
85
100
30
110
82
65
107
70
115
72
48
34
49
131
46
47
93
81
94
33
34
31
139
115
62
108
266
72
266
390
137
76
166
79
102
144
61
347
72
74
238
49
249
205
452
62
177
79
135
80
107
245
269
79
141
142
81
61
49
53
37
40
40
45
34
46
40
46
39
41
44
45
37
46
44
43
35
42
41
52
37
37
38
42
47
41
40
32
37
44
33
35
37
34
36
32
33
35
31
37
31
33
30
34
37
41
29
35
34
29
33
31
32
32
30
35
34
32
30
34
32
33
38
62
41
33
31
33
32
31
26
33
57
96
36
89
60
30
50
60
33
40
32
37
35
35
44
42
42
36
36
43
32
55
39
54
35
52
41
38
40
47
35
35
32
27
36
33
34
34
33
33
31
28
37
27
33
26
31
34
35
34
27
28
35
35
38
32
33
32
27
32
26
34
33
26
30
34
32
32
35
30
30
35
28
30
32
31
27
29
38
29
32
28
29
29
29
34
31
32
36
31
30
31
29
44
39
31
31
40
35
31
29
31
28
29
28
30
31
28
23
31
26
34
31
29
34
31
31
34
38
33
31
31
37
33
35
35
29
31
27
33
41
32
32
38
26
31
26
35
35
25
29
33
26
33
33
30
33
31
26
27
32
32
36
33
33
33
25
32
32
33
27
31
33
30
30
30
30
34
30
29
27
31
33
38
29
26
35
32
28
31
29
33
32
36
31
26
31
30
31
28
34
33
29
59
46
32
26
32
32
31
31
36
31
33
30
33
39
38
34
69
40
55
35
29
30
55
52
37
32
32
29
29
41
32
30
30
33
32
32
27
32
31
29
27
33
31
31
33
31
30
36
30
32
29
34
30
29
30
35
38
33
26
30
29
29
36
32
31
77
34
29
41
30
29
25
33
29
31
33
36
34
34
30
33
32
33
30
31
31
34
38
32
31
38
34
29
35
31
42
30
27
31
32
29
29
33
42
62
31
41
47
37
31
37
32
29
42
35
28
25
30
32
30
30
39
30
31
37
32
30
29
28
36
32
31
34
33
32
27
30
38
34
26
29
27
31
30
28
32
32
35
36
41
36
34
33
28
32
29
31
25
32
32
32
31
30
32
29
30
59
32
27
26
36
33
31
29
30
29
29
34
28
28
33
26
29
33
33
36
35
32
40
38
38
26
34
28
39
33
39
28
29
31
37
32
30
39
35
30
30
31
33
49
35
40
33
28
34
31
32
34
35
36
30
32
32
34
29
27
33
28
33
32
30
33
27
32
32
34
29
29
28
30
28
36
32
30
37
35
38
34
28
31
29
32
38
37
29
29
32
26
38
33
39
34
35
41
38
32
34
31
44
34
32
35
32
33
27
39
35
32
26
31
34
29
41
38
32
48
42
36
37
33
39
31
33
30
33
34
33
35
32
30
33
37
37
30
31
28
43
37
36
38
38
42
36
36
34
44
42
41
41
43
30
32
31
39
31
35
27
30
35
31
35
36
33
52
37
32
34
26
32
37
31
32
45
34
51
33
34
31
28
52
25
41
29
28
25
33
3583
7686
42
49
45
96
36
46
37
45
39
49
44
51
41
44
50
60
56
54
59
80
58
51
53
44
42
26
31
38
45
35
30
34
44
39
38
33
41
98
269
115
108
69
155
165
62
148
169
79
244
149
143
71
48
109
174
262
69
71
179
228
236
310
76
292
89
85
75
44
96
246
298
282
443
257
393
68
194
211
167
673
40
314
160
74
45
140
368
150
86
106
294
126
88
112
156
217
73
101
427
35
314
46
399
68
205
61
191
119
200
286
98
136
94
141
257
241
311
44
80
36
157
288
186
191
306
117
76
117
338
102
94
58
104
142
69
136
58
218
39
40
47
75
81
54
83
85
81
114
82
71
62
62
68
36
91
47
90
55
20
34
46
37
46
86
38
69
48
74
37
46
25
26
30
34
34
72
74
64
40
30
31
31
38
44
61
63
27
35
46
32
40
61
60
52
75
32
64
53
69
43
55
32
34
49
56
84
76
34
38
74
63
34
51
38
51
51
62
39
52
67
68
63
40
36
52
39
65
64
35
32
34
71
36
54
45
35
98
94
50
34
49
45
40
48
28
31
92
58
72
87
34
85
58
74
31
94
39
65
25
76
69
76
87
41
72
42
68
85
76
63
105
69
35
45
65
35
33
59
88
53
97
86
74
39
63
95
35
39
81
54
68
56
36
62
66
36
32
30
31
41
49
43
46
40
68
84
50
54
59
88
113
51
67
52
46
72
51
55
61
58
35
30
57
71
56
62
39
42
55
72
63
34
69
51
79
52
60
31
45
35
48
68
27
70
68
37
73
36
81
46
36
59
43
29
49
95
43
32
54
70
65
29
28
32
35
35
29
43
45
40
78
56
70
100
60
40
31
42
42
47
36
33
40
37
35
79
57
33
36
35
52
54
91
24
70
61
69
55
50
98
75
44
32
30
31
36
37
48
37
45
47
57
67
67
40
30
61
56
56
47
762
98
55
542
279
42
48
63
79
57
91
60
52
42
75
64
61
81
48
50
59
37
66
24
92
45
72
38
85
38
52
78
89
41
31
96
48
38
30
29
45
87
63
32
66
78
57
38
88
88
49
74
39
58
62
83
47
28
68
43
56
67
64
34
32
33
40
106
2783
50
64
47
62
62
28481
188
59
277
149
52
219
266
302
145
188
166
228
304
67
90
322
69
175
143
103
58
170
256
67
324
184
159
75
204
86
75
76
39
159
261
55
82
165
194
128
103
97
40
467
436
159
181
167
52
79
131
254
101
58
219
296
57
213
142
259
177
125
250
233
50
518
303
150
107
37
37
213
133
499
317
237
85
117
332
247
360
58
171
89
74
180
68
56
114
360
81
112
247
362
51
51
134
51
209
305
296
88
205
66
500
50
149
174
241
343
107
63
169
745
105
40
72
85
187
141
117
313
211
358
233
169
86
208
255
52
36
403
201
638
142
84
194
72
319
42
198
116
74
69
54
245
283
197
106
280
314
55
210
153
263
49
175
174
120
126
38
67
135
105
169
130
181
33
436
48
206
70
55
76
126
57
264
211
69
430
38
196
200
52
81
130
230
51
40
323
287
49
231
72
50
250
227
83
252
307
127
126
1375
94
285
109
159
122
905
160
312
2330
187
310
66
197
199
556
157
164
217
68
188
68
48
381
219
119
37
123
196
285
419
38
272
169
153
309
297
81
100
220
80
238
203
91
59
92
73
68
46
57
111
91
54
53
66
60
95
28
77
37
63
115
91
146
73
35
53
138
94
104
58
57
148
42
98
53
158
112
49
70
85
52
73
43
100
109
57
43
51
44
65
49
56
34
51
35
33
37
40
35
35
74
87
73
85
93
76
93
54
102
46
32
38
53
62
81
82
60
40
30
33
42
59
731
481
161
115
218
46
204
130
81
269
359
494
251
113
239
55
218
187
88
101
161
251
89
73
175
34
138
171
113
90
35
166
557
237
109
333
721
270
169
330
88
161
37
318
267
130
335
269
234
57
48
25
25
88
28
25
36
80
27
64
53
48
80
35
66
27
60
80
68
65
51
109
94
31
65
49
70
41
81
50
47
46
32
50
82
46
67
57
92
75
73
77
38
188
31
28
36
36
51
43
358
31
29
61
56
33
56
69
50
34
33
53
42
63
33
56
54
41
28
37
66
85
94
38
38
68
58
37
68
88
84
33
28
43
46
65
61
93
79
80
98
58
70
84
44
74
37
32
64
60
43
87
292
95
595
123
76
141
128
81
118
138
178
253
787
86
84
355
256
36
178
147
122
250
84
53
445
202
1047
509
116
229
86
188
267
74
72
122
106
168
347
422
123
176
376
71
199
159
57
125
431
208
67
200
369
276
150
121
175
65
94
259
180
313
253
210
286
234
176
113
338
133
394
271
146
121
93
137
106
88
62
47
36
55
24
585
1746
79
56
35
24
41
69
44
70
23
70
30
76
100
102
105
126
96
79
76
73
73
38
76
26
96
64
29
58
33
28
62
34
42
79
74
94
33
86
52
53
53
113
56
83
63
108
71
63
71
33
27
84
47
71
393
170
49
90
125
302
296
99
74
411
99
117
366
144
61
193
216
135
221
271
124
158
455
263
320
55
342
140
199
164
106
56
156
294
294
30
91
365
133
68
47
39
31
45
44
40
30
46
78
59
38
71
102
93
38
30
40
38
92
56
28
70
99
70
45
62
84
75
30
67
47
36
27
35
33
85
62
78
57
75
60
67
62
61
37
27
39
108
119
69
46
74
38
78
115
41
62
48
66
36
82
48
63
67
76
124
63
64
61
56
48
69
72
122
108
109
52
133
121
36
27
30
33
46
33
57
182
2474
63
47
33
39
184
90
220
220
237
227
50
236
199
49
64
45
37
196
93
299
46
389
188
85
105
111
240
36
210
199
98
237
36
382
177
103
96
169
121
114
184
202
719
94
199
266
71
50
33
103
123
73
51
245
135
194
141
107
197
55
477
242
79
68
397
2480
55
54
548
416
160
133
56
229
253
30
148
55
41
197
223
192
49
82
244
58
50
137
110
185
42
148
109
1036
32
34
49
37
65
66
58
76
228
242
839
338
73
41
31
34
33
31
28
27
97
169
982
676
50
218
29
37
30
31
31
38
33
68
76
223
464
325
286
77
315
105
95
49
63
38
34
35
39
34
35
48
39
50
3696
42
52
32
29
35
