27
29
33
34
33
33
42
32
46
53
36
52
25
34
35
59
37
42
30
28
32
40
32
40
31
27
37
30
38
50
30
39
32
38
30
26
40
41
29
38
55
24
31
28
32
36
36
51
42
31
26
39
33
48
29
26
27
31
47
28
45
32
33
26
39
46
29
25
27
28
36
31
50
37
31
23
23
29
28
27
40
27
39
38
30
33
27
37
51
41
33
32
36
28
52
29
31
49
42
27
33
38
24
26
35
27
35
50
26
58
36
36
29
43
26
31
29
41
44
41
42
31
35
26
31
27
33
39
39
30
46
41
81
28
43
39
32
48
29
43
42
75
44
28
44
28
28
43
43
32
26
24
57
31
54
48
36
54
42
47
47
41
35
47
59
58
38
41
80
48
38
66
27
56
71
40
30
39
31
36
34
32
38
75
43
61
46
70
38
37
80
34
40
49
49
46
40
47
30
37
28
31
43
38
30
26
34
48
31
45
42
34
32
26
68
35
49
46
52
24
32
41
37
33
32
36
36
42
29
36
35
26
59
40
38
39
49
27
30
38
87
29
40
39
26
57
40
40
46
68
45
31
32
29
27
43
28
38
30
47
30
37
28
28
40
24
27
41
30
36
34
31
30
26
34
41
28
38
30
38
32
37
37
45
34
29
30
47
35
27
36
28
34
40
42
36
29
24
33
27
30
29
27
35
32
41
32
36
30
29
26
33
29
42
37
32
30
29
44
53
32
38
49
39
43
48
31
48
45
28
46
33
40
24
42
30
27
37
26
38
37
28
37
23
27
28
38
28
24
50
29
42
29
26
40
41
37
42
50
39
50
66
38
45
38
68
50
38
39
28
33
37
46
32
39
28
27
33
33
27
32
38
37
24
38
26
39
36
31
39
30
37
33
31
27
34
35
36
48
30
27
31
37
36
39
42
28
38
26
39
25
27
34
32
36
31
39
31
44
37
40
25
31
28
33
43
42
35
30
23
28
32
29
25
28
27
28
33
32
27
57
29
29
45
34
30
28
32
37
36
39
23
26
26
39
31
28
37
31
39
29
36
33
30
33
36
39
32
30
31
30
24
32
36
44
41
37
32
38
28
28
31
43
26
46
35
28
31
29
38
44
45
51
33
30
45
37
29
32
44
29
33
47
46
35
44
42
30
32
30
31
35
34
36
37
30
36
35
28
30
25
30
29
37
34
27
39
37
24
46
27
34
31
47
28
27
31
33
30
39
30
27
43
38
40
28
44
25
63
61
37
39
40
38
55
40
77
38
33
38
33
37
39
27
26
40
39
61
37
29
64
55
39
99
42
49
33
54
86
59
82
49
42
52
51
27
56
55
44
54
45
46
32
43
23
49
56
25
29
58
44
41
37
38
37
77
46
45
35
62
40
48
57
48
25
57
51
41
33
59
28
45
34
46
42
35
34
38
31
28
35
28
44
28
26
36
38
32
31
29
25
27
32
38
38
30
30
45
46
30
37
27
38
50
27
44
34
45
32
28
32
30
47
33
44
46
35
28
34
27
32
40
41
35
33
35
29
52
33
30
33
35
35
30
28
45
37
26
26
30
38
28
50
33
42
39
41
27
31
30
46
29
35
44
29
49
32
23
29
28
31
36
32
30
51
38
43
34
38
30
25
29
43
46
53
46
69
41
52
32
48
39
60
33
33
38
41
50
27
31
35
35
34
40
32
42
28
35
36
38
23
47
33
31
30
29
44
27
38
52
43
31
28
26
35
28
31
30
55
40
30
24
33
33
39
27
46
35
40
23
42
93
54
96
60
32
93
156
102
75
30
27
28
57
70
100
28
32
26
24
28
37
31
33
30
22
34
27
33
31
27
31
44
59
47
34
32
33
25
42
32
37
31
29
25
28
29
28
27
31
103
30
28
28
29
29
22
25
32
33
30
33
43
46
119
198
33
38
31
31
29
28
30
33
43
34
32
44
35
30
25
46
25
34
43
33
34
28
37
40
27
35
23
26
29
28
27
38
30
33
39
39
35
60
24
24
34
28
45
27
40
38
33
26
58
68
85
39
29
41
39
26
45
26
34
33
33
27
91
62
29
30
30
23
27
26
33
29
34
36
30
41
38
38
23
29
31
28
27
60
47
29
35
63
118
143
404
31
32
30
32
29
32
35
28
33
29
25
28
47
39
33
37
31
34
54
36
28
35
38
27
28
109
28
30
29
39
40
35
29
33
31
26
33
30
27
31
25
40
44
36
23
36
34
31
34
43
41
33
38
45
40
76
33
31
39
28
30
26
35
26
40
38
28
28
27
34
48
43
38
23
38
40
45
36
33
29
48
36
32
39
31
33
29
28
28
30
39
47
34
36
26
109
35
33
29
24
79
82
186
64
28
39
32
40
37
44
35
34
37
28
27
65
46
39
38
38
29
35
34
34
31
34
39
35
28
50
27
35
34
34
29
88
67
81
193
34
66
33
27
32
28
29
33
38
25
33
30
28
30
31
39
33
24
38
33
41
29
28
37
26
27
22
33
26
34
39
33
29
33
27
32
35
46
35
27
33
35
30
29
40
32
30
35
28
36
26
33
33
32
29
127
62
50
33
34
44
28
37
29
36
41
34
32
24
31
38
34
36
38
39
31
34
161
63
115
112
40
32
57
90
175
123
161
135
56
33
33
37
29
40
38
39
25
34
33
39
28
35
26
31
34
44
28
37
43
34
40
35
28
41
33
29
26
33
36
34
28
26
35
29
33
30
25
25
24
41
25
39
27
35
36
55
29
25
35
48
30
36
43
31
30
29
43
45
30
31
33
42
30
36
30
27
41
21
35
23
23
33
36
38
31
33
32
30
37
27
36
37
41
33
24
160
124
203
150
58
143
42
28
30
39
44
30
43
26
34
30
27
29
29
27
34
34
28
33
38
31
66
35
35
60
27
60
40
43
33
36
42
42
42
59
32
38
32
35
41
40
40
36
32
31
36
33
36
32
70
32
28
26
32
23
35
39
28
34
96
30
44
35
47
30
32
37
34
35
35
45
27
34
47
34
33
27
31
33
27
28
38
42
38
25
29
31
31
26
31
28
28
27
42
30
33
42
33
30
37
27
43
39
52
41
29
29
30
35
29
30
34
30
29
31
30
29
34
38
28
34
59
27
34
34
33
26
31
29
28
29
38
35
28
54
58
48
32
29
51
29
26
98
101
77
139
29
34
40
26
28
30
36
32
26
30
29
52
43
37
32
22
31
25
35
33
31
51
33
50
53
33
58
58
42
27
62
32
34
33
37
30
34
28
62
38
50
37
29
83
27
29
56
45
61
90
49
52
35
37
29
38
38
34
44
32
31
54
63
31
106
38
28
28
32
30
40
32
59
71
28
26
33
36
30
32
56
37
34
28
46
57
38
55
36
83
60
39
35
28
37
34
42
54
56
43
46
24
27
64
68
67
30
26
66
77
37
45
49
57
63
29
38
30
35
37
27
34
31
44
54
83
31
38
33
31
31
25
28
39
42
46
63
29
51
27
57
36
42
43
51
57
31
32
29
31
44
30
35
52
60
61
32
34
29
51
54
62
37
42
58
41
35
46
33
71
37
29
27
26
39
54
64
42
32
88
31
35
23
30
28
42
31
27
30
34
36
58
52
30
37
29
28
29
46
76
79
32
60
48
30
33
30
59
27
61
28
33
36
40
43
41
28
29
68
28
53
42
61
40
44
31
47
35
52
34
28
39
45
64
41
39
42
40
43
40
52
68
64
37
36
35
24
36
34
60
49
25
29
38
41
58
35
54
44
50
28
34
40
27
23
27
53
27
49
60
48
32
60
56
25
27
30
38
28
37
34
27
29
30
28
25
87
32
34
34
23
32
30
29
34
51
42
35
30
41
33
28
83
71
291
84
130
89
43
77
167
27
32
34
32
34
36
34
40
29
39
32
28
27
32
35
31
32
31
36
42
31
30
35
26
31
30
29
25
36
31
35
29
36
26
29
35
37
40
24
36
26
34
33
28
22
30
27
26
25
34
26
40
33
39
35
32
27
33
33
27
37
23
28
26
34
28
28
23
26
34
28
32
30
36
31
26
23
30
24
30
25
29
25
36
37
22
28
32
26
35
33
27
26
38
36
30
40
22
24
27
22
33
30
29
26
27
29
31
27
31
35
35
27
30
28
25
32
25
35
25
29
25
25
26
23
25
28
24
22
28
26
32
35
40
29
30
45
26
30
28
34
32
38
30
34
38
31
36
28
26
26
35
28
23
30
38
34
33
34
37
30
25
26
41
33
26
33
35
38
27
24
33
31
25
31
31
32
39
52
32
24
34
46
23
48
37
32
38
28
32
27
30
33
26
43
43
32
28
43
34
32
28
29
27
41
24
35
36
33
35
30
32
32
25
30
31
36
30
33
28
25
29
32
27
28
37
35
44
25
44
30
30
42
58
44
31
30
24
34
30
39
38
22
28
32
33
26
33
35
30
27
29
30
35
25
26
31
33
28
27
36
28
25
30
29
35
32
31
26
39
29
26
33
36
35
36
44
34
30
29
26
27
33
33
35
33
29
28
26
28
28
27
35
26
28
29
26
34
27
25
32
29
39
24
32
27
30
28
30
39
36
30
33
26
27
29
25
35
31
29
32
32
21
23
32
25
26
29
29
25
27
28
31
37
28
28
34
36
31
33
31
31
24
45
30
27
31
30
25
28
23
40
36
34
43
37
34
40
34
38
37
32
27
24
31
47
39
37
29
29
41
41
28
25
32
25
41
25
30
29
38
39
57
49
133
28
67
24
47
40
28
31
38
27
51
31
31
24
32
33
29
31
30
26
55
37
33
34
25
29
33
32
37
29
37
28
32
38
33
53
36
25
35
34
28
38
23
23
45
37
41
37
31
34
38
28
37
35
29
30
31
35
31
42
28
41
33
36
38
50
27
34
27
28
35
47
40
29
27
32
23
33
25
37
31
31
31
34
36
36
36
45
30
39
28
32
24
47
29
31
34
26
35
45
32
33
37
29
40
27
33
34
30
31
30
28
36
50
32
38
26
26
35
30
31
49
37
24
21
28
37
37
47
29
29
33
32
33
34
29
35
33
32
28
40
39
35
29
31
29
30
34
30
37
30
30
29
30
32
37
38
32
33
31
32
30
33
27
22
28
27
42
34
33
34
33
26
27
157
50
72
118
87
628
119
25
26
27
38
37
27
34
33
27
28
33
37
40
22
29
31
38
40
30
38
30
37
29
34
31
34
43
28
22
21
30
37
45
43
29
48
38
29
31
31
30
30
39
38
28
34
33
35
31
35
27
26
42
38
32
44
41
34
26
37
27
34
36
30
29
43
31
33
33
31
31
33
157
156
30
36
36
21
26
32
37
24
37
33
32
38
28
32
43
33
36
30
30
45
30
34
35
22
32
42
43
39
55
28
44
38
46
34
34
33
37
28
30
30
33
36
40
33
52
33
42
23
31
42
34
33
35
29
23
30
43
43
35
26
30
50
31
39
26
34
26
36
36
38
23
39
31
27
32
30
30
28
30
28
29
24
31
27
38
32
51
44
31
34
27
46
29
47
28
40
42
27
30
26
28
35
25
38
38
36
69
28
33
26
31
39
52
83
75
88
196
1187
147
63
34
28
27
32
30
30
28
36
33
38
36
38
27
33
36
26
26
27
35
38
37
38
25
37
27
36
35
33
27
30
29
40
28
33
36
36
31
35
32
46
34
23
41
29
32
32
42
31
41
32
29
29
26
33
29
32
30
29
28
34
35
31
26
26
26
32
37
37
40
42
41
32
31
37
26
27
36
36
36
35
29
35
27
38
73
134
39
69
31
29
45
35
38
31
35
36
34
43
52
31
24
31
31
34
38
36
80
31
35
25
27
27
47
95
155
79
36
27
26
27
34
34
34
48
43
29
28
46
38
31
42
39
56
32
38
41
35
32
33
30
50
29
31
28
29
27
45
28
40
33
32
40
42
38
27
29
31
30
39
37
35
29
38
40
32
29
32
29
29
26
30
49
46
32
37
27
51
35
28
33
50
38
36
30
30
24
23
43
37
33
41
27
29
59
74
43
31
36
30
37
33
35
37
32
34
29
35
29
51
62
67
56
193
41
29
71
32
40
32
24
32
32
37
40
31
26
36
38
32
51
36
36
53
38
28
31
37
33
35
33
45
36
40
33
26
49
24
30
28
45
30
34
37
25
30
32
43
34
34
33
29
30
32
28
32
31
31
30
38
38
175
77
35
43
34
33
29
34
34
47
26
37
43
35
30
28
29
30
35
24
37
29
44
29
23
31
35
30
40
40
37
34
35
38
45
28
23
28
26
23
31
33
40
28
30
29
28
32
31
45
35
33
36
34
37
53
32
40
30
29
39
37
39
29
28
51
41
32
34
34
30
32
34
25
39
31
28
35
30
36
33
31
28
29
26
42
36
22
33
38
39
144
33
26
36
34
46
47
28
34
31
35
30
35
31
41
30
29
28
42
40
39
34
23
24
31
30
27
35
33
30
41
28
32
23
27
24
35
41
32
31
31
35
45
33
95
56
53
33
29
33
35
43
45
35
32
79
74
30
29
26
30
30
30
33
28
32
31
25
31
35
31
38
38
25
98
34
91
35
32
36
33
32
48
32
35
40
37
42
29
43
27
38
25
28
35
30
31
25
29
35
35
34
42
31
34
29
35
29
34
31
37
28
31
30
32
39
41
31
42
42
20
26
29
32
27
28
35
28
24
33
30
27
30
26
32
31
30
34
27
35
41
29
43
36
41
31
39
34
57
57
44
46
31
32
28
29
28
24
36
31
46
45
42
31
25
40
23
30
39
29
28
35
42
26
28
38
28
49
32
30
33
34
28
31
54
32
51
27
30
68
127
62
28
29
28
33
34
132
55
178
78
23
38
28
34
27
45
46
33
32
34
20
33
36
26
33
41
94
141
33
26
28
30
33
29
45
30
27
36
32
33
34
28
33
37
36
37
30
33
25
29
35
30
31
45
26
30
27
24
31
23
30
37
29
26
30
26
36
35
35
38
32
37
47
36
26
30
29
29
39
43
29
30
33
30
33
34
38
33
32
31
39
48
38
33
27
33
27
35
32
34
39
26
36
36
34
40
33
44
37
49
27
43
39
28
55
26
31
30
49
35
42
25
27
29
31
33
36
39
52
136
35
34
27
35
33
56
30
30
31
31
35
33
20
56
33
36
221
38
46
33
36
32
40
40
39
36
41
36
37
43
29
26
29
27
26
29
26
31
26
38
26
30
38
32
28
43
29
45
34
37
31
39
32
32
38
29
31
34
28
33
29
28
33
42
27
27
27
27
40
27
27
42
29
24
33
27
32
25
45
22
28
34
30
28
28
26
41
29
36
24
25
36
33
31
28
42
35
38
27
41
26
26
37
34
40
35
26
35
34
25
33
28
38
28
39
36
35
38
45
31
24
27
31
37
30
38
36
85
37
47
32
37
44
98
34
22
37
129
52
23
31
29
32
27
26
29
34
48
123
117
118
34
36
39
38
26
34
34
43
24
31
25
29
49
25
33
25
33
34
72
32
46
38
31
30
23
51
46
34
25
42
37
32
32
33
32
26
43
35
31
32
35
37
39
33
25
35
44
30
32
31
30
36
24
31
30
28
27
32
27
39
34
45
53
29
31
45
38
28
27
34
34
41
27
47
41
26
33
24
43
36
27
38
36
43
33
55
37
32
28
27
29
40
56
36
32
29
30
81
36
28
30
22
29
29
31
64
125
35
33
28
33
62
40
31
30
70
32
43
34
33
34
34
36
53
40
38
37
27
32
34
29
32
33
37
33
27
40
36
34
31
31
28
32
27
33
30
40
46
47
40
27
33
33
31
24
33
25
44
35
46
30
44
41
39
36
24
39
29
32
30
32
30
30
37
39
37
32
29
42
24
39
30
22
38
32
27
27
27
33
39
28
27
33
28
40
48
26
23
29
27
29
36
30
38
30
30
36
29
29
39
23
30
29
41
34
44
39
33
33
32
37
35
26
36
30
30
32
35
36
29
34
35
35
43
31
34
29
40
32
40
33
30
28
31
31
44
25
44
30
26
33
33
37
31
24
27
31
35
29
37
76
34
39
34
38
33
34
30
29
37
34
26
32
33
20
25
33
33
26
28
34
24
27
32
40
24
32
121
83
151
29
33
31
31
29
33
27
30
29
31
30
40
37
34
29
23
33
58
36
31
34
32
33
25
34
36
33
37
25
35
25
30
36
32
56
29
31
27
33
24
42
45
34
41
33
30
26
32
39
40
29
31
28
28
39
30
45
34
26
33
34
26
43
29
27
26
44
39
27
24
24
38
31
39
29
32
38
28
26
31
32
29
30
28
31
37
606
94
33
62
32
27
40
32
42
25
31
35
32
42
31
31
33
32
26
29
41
43
33
33
30
50
31
32
27
28
36
42
32
24
30
29
37
42
29
38
30
32
30
34
42
30
25
25
25
33
31
52
109
37
62
44
73
42
69
82
40
48
63
142
34
45
34
30
59
28
23
47
39
50
48
96
118
92
46
46
42
36
46
69
46
126
134
41
44
79
38
94
84
47
72
36
48
115
33
34
35
66
154
44
85
51
61
39
62
35
24
26
34
33
30
34
53
86
77
127
56
68
45
48
86
51
40
56
41
50
38
38
68
85
35
55
55
34
43
24
43
33
30
41
38
31
33
30
49
34
35
33
44
66
48
50
41
37
52
46
52
41
30
43
38
35
36
92
40
40
60
57
64
51
65
31
39
60
59
26
38
48
74
39
67
46
53
52
47
35
55
55
38
50
40
39
60
50
44
30
37
55
61
45
25
32
33
33
34
29
57
39
30
32
31
41
31
58
40
28
25
25
26
44
42
87
27
21
29
54
27
31
48
55
29
37
103
28
47
54
34
23
28
26
63
25
53
48
25
32
41
74
24
39
45
33
25
45
63
46
61
34
49
48
54
49
51
47
31
59
38
75
48
28
54
25
32
25
30
32
24
31
28
29
31
32
31
38
35
54
35
33
62
33
33
21
25
29
33
29
26
24
26
35
38
33
35
35
27
28
33
51
41
27
54
39
24
28
33
147
29
39
24
34
33
29
27
46
38
22
36
71
55
37
80
56
30
31
34
62
63
26
73
76
67
91
26
37
36
39
25
48
115
32
58
35
60
31
42
53
32
29
30
28
31
44
40
31
51
39
30
62
36
76
53
26
65
68
72
25
25
85
24
27
22
30
89
31
26
31
24
42
38
66
56
53
40
53
68
87
35
35
66
84
35
55
26
28
31
31
45
29
27
36
42
44
34
62
28
57
54
74
31
27
27
54
55
28
27
45
43
46
28
32
26
36
48
32
92
33
35
98
38
43
26
33
43
37
30
75
72
41
34
29
36
35
37
35
34
101
104
79
29
84
84
29
27
93
86
38
90
47
48
38
76
31
31
33
26
26
27
23
22
22
61
74
42
69
58
49
47
86
42
26
35
37
39
30
35
40
37
86
27
29
24
29
37
100
70
57
41
53
103
39
26
22
30
21
43
43
48
54
33
22
27
33
78
45
70
46
45
42
75
29
30
31
95
96
26
29
53
58
45
81
55
48
46
35
31
35
42
76
68
26
32
25
49
71
34
57
45
31
56
48
79
43
38
47
54
82
30
61
30
110
31
43
42
30
30
67
34
53
45
53
32
34
29
35
27
29
26
26
37
32
26
56
42
27
75
35
55
34
63
62
47
36
35
50
25
45
46
33
43
32
45
43
33
26
39
37
32
49
44
54
60
52
56
103
38
47
27
24
42
32
44
198
157
47
58
86
51
57
39
61
59
84
73
76
55
41
260
135
111
68
41
47
40
41
41
89
44
43
36
44
44
51
56
42
37
49
35
33
36
35
36
32
27
46
69
43
44
32
32
36
41
41
34
60
40
43
37
114
45
68
60
33
73
23
81
57
51
48
44
38
65
92
51
58
45
52
45
47
54
40
38
41
64
57
51
43
39
39
96
33
37
35
40
31
32
48
39
123
49
40
35
35
40
42
47
46
42
56
41
35
38
36
31
45
86
168
57
33
54
31
32
45
36
27
29
21
54
33
204
45
67
25
34
38
54
51
47
54
71
63
57
50
59
31
46
63
2747
629
130
814
918
639
382
2147
1489
30
22
25
30
25
21
24
21
25
31
22
23
22
24
22
23
32
26
23
23
22
25
137
2169
861
1332
2984
77
33
114
199
211
201
66
97
1586
246
71
74
83
168
38
53
85
100
55
33
101
24
71
83
65
113
60
57
56
121
61
35
41
58
98
88
221
53
100
90
108
73
50
58
62
107
50
99
59
68
72
44
81
83
49
95
70
60
59
60
86
149
40
73
133
62
89
125
85
53
100
68
64
96
172
41
130
70
87
88
76
64
49
55
196
112
272
92
147
115
84
101
80
184
146
120
86
82
72
70
42
81
110
70
53
96
48
137
84
80
87
104
56
53
57
63
126
85
52
132
44
74
66
40
96
36
152
137
42
65
93
116
119
79
66
43
162
77
110
47
90
104
88
76
66
51
105
73
71
87
61
68
74
136
88
86
151
36
134
127
112
70
29
58
88
40
77
58
44
105
92
123
51
116
68
92
138
94
71
87
37
48
76
57
69
103
90
96
141
84
58
60
215
51
45
34
75
58
55
85
98
130
129
123
89
135
91
106
112
71
101
30
173
86
101
69
135
77
179
90
60
62
126
137
58
68
104
79
167
134
69
130
41
153
215
92
65
98
96
79
119
114
39
45
52
73
53
102
112
71
60
83
76
49
67
80
83
78
51
104
144
111
87
42
61
81
104
50
48
64
132
114
108
92
88
104
62
45
97
101
112
64
88
40
61
107
102
58
121
72
81
55
245
88
106
80
119
118
85
81
43
102
136
54
6919
68
52
65
34
41
40
35
39
34
33
33
33
34
33
34
33
37
33
32
32
33
32
32
34
35
39
33
35
184
32
36
33
35
32
32
31
33
40
26
26
123
30
100
34
61
46
59
39
39
30
42
52
28
27
27
25
59
38
27
24
82
61
31
35
39
38
105
32
95
47
62
27
37
46
66
45
66
27
35
38
73
28
28
40
38
27
30
28
28
29
22
26
27
34
23
28
33
38
43
34
38
62
50
29
63
46
50
33
27
52
37
41
27
41
46
54
57
51
73
38
47
33
54
74
30
48
34
39
39
49
37
49
39
37
57
35
71
91
55
51
33
78
87
90
35
33
50
43
35
38
37
38
56
37
37
29
51
42
30
54
32
26
34
51
33
42
53
44
37
33
61
37
34
48
29
32
35
30
54
28
33
54
65
38
31
34
92
38
34
42
31
50
43
70
35
51
49
30
24
55
50
33
53
37
54
83
45
45
37
47
30
37
43
35
45
38
23
33
41
50
38
31
26
30
67
33
40
38
40
36
35
58
51
41
35
38
36
32
31
42
42
26
37
68
52
39
50
54
39
39
37
38
43
28
33
40
40
36
35
29
41
26
32
28
38
26
33
40
36
44
39
62
81
37
38
36
55
41
48
49
34
45
56
36
44
32
47
64
39
46
43
33
47
36
38
49
37
34
28
33
58
42
36
34
40
28
52
47
35
73
44
31
63
38
38
32
37
41
59
50
48
58
32
47
38
37
44
27
33
46
34
47
37
26
31
58
28
42
59
49
52
30
57
42
25
29
46
54
27
27
71
43
71
30
49
67
30
37
47
28
64
34
27
34
33
41
34
39
58
46
40
37
35
60
56
44
38
49
34
38
38
127
39
41
41
51
41
57
41
47
43
35
40
33
39
41
44
51
38
62
36
55
26
61
34
54
32
36
35
84
34
59
40
37
44
58
42
41
54
35
66
38
38
27
33
36
53
26
38
33
31
37
38
30
34
33
39
27
42
45
41
48
52
94
42
37
53
140
36
46
33
43
35
74
37
63
63
87
26
28
35
36
39
45
31
28
39
56
31
35
28
22
80
33
60
37
34
33
34
40
34
43
53
38
36
33
42
40
36
40
48
32
30
43
35
41
42
47
41
66
45
48
37
33
33
38
35
37
35
68
42
51
30
31
41
36
40
43
32
31
54
55
41
32
34
35
48
47
36
40
40
29
44
44
35
36
53
38
69
33
45
29
47
40
50
33
29
59
31
59
34
35
42
29
32
68
44
39
34
44
33
48
27
36
53
44
26
21
44
30
53
25
38
39
37
42
47
59
29
53
52
49
30
49
53
41
38
35
34
26
33
34
33
38
45
50
38
42
31
35
56
36
35
36
33
43
37
32
37
58
45
27
42
54
50
38
39
31
38
35
28
36
43
41
32
42
45
43
50
64
46
38
46
38
34
43
40
39
36
34
32
58
38
30
40
52
38
32
58
38
31
34
39
31
29
58
39
42
56
44
39
68
32
46
36
44
48
34
50
30
30
26
41
36
33
47
40
32
24
36
54
70
69
56
89
30
24
33
41
28
28
33
28
27
27
42
46
100
28
27
34
28
47
44
25
48
44
119
59
46
32
32
30
36
57
47
36
68
30
37
35
39
51
30
30
29
30
23
31
33
33
26
33
27
40
66
33
32
56
26
33
24
44
28
77
238
32
48
45
30
38
47
45
28
48
30
29
28
37
36
76
135
158
223
73
52
52
48
57
67
34
101
39
25
28
35
50
60
32
39
26
33
35
35
27
51
29
38
30
28
26
63
89
71
46
28
41
28
28
28
32
34
32
32
32
26
58
26
27
63
42
65
26
30
31
67
35
54
44
27
40
72
29
45
31
33
27
28
33
45
25
25
28
30
81
25
79
51
44
24
24
31
71
58
91
34
36
33
37
35
33
37
59
29
40
38
281
60
42
89
121
167
33
27
32
27
30
28
29
53
33
28
27
34
26
26
26
26
26
25
41
35
71
71
36
31
40
46
34
28
30
77
104
35
381
53
28
211
40
50
60
77
28
62
43
96
57
34
38
35
28
39
37
30
34
29
37
40
45
31
37
36
30
40
27
36
25
36
43
35
41
37
56
32
44
33
32
31
62
36
38
58
39
29
45
35
79
28
82
37
69
57
30
39
41
44
27
34
30
26
30
32
62
44
30
53
28
34
29
32
42
33
80
40
51
34
44
26
39
32
70
35
35
47
41
58
33
29
46
37
33
41
58
42
30
42
32
39
55
42
27
29
37
39
47
26
32
33
37
26
30
25
43
27
34
78
36
43
33
31
34
39
54
49
40
42
42
49
34
60
34
36
35
42
32
29
38
34
37
28
28
33
35
30
51
28
49
28
37
34
67
34
48
28
39
43
30
44
40
48
35
44
27
31
42
39
31
45
51
33
45
29
29
28
28
45
27
30
42
50
30
34
29
39
26
32
42
29
28
31
47
35
44
48
36
27
38
36
30
32
30
45
31
36
32
57
30
28
36
43
36
38
43
34
38
32
40
28
33
31
32
54
46
50
38
31
29
29
52
30
33
31
29
28
31
35
35
30
31
69
52
38
45
45
50
61
37
29
30
67
38
34
54
29
29
27
66
54
58
53
30
56
47
30
32
32
36
27
39
51
46
28
58
30
73
41
45
44
37
66
48
37
28
43
47
28
28
34
34
27
31
28
33
49
32
114
78
112
34
42
31
30
35
45
39
312
165
30
55
28
30
72
24
24
46
31
88
46
41
28
54
34
27
26
122
47
39
50
48
102
101
28
59
47
83
64
55
57
44
30
40
35
35
47
37
38
46
41
43
41
37
30
27
65
46
59
45
27
64
47
71
34
32
32
28
44
32
56
56
40
39
46
38
33
32
34
43
37
53
31
35
43
38
31
51
29
45
30
41
33
38
40
52
51
33
50
52
38
48
36
37
27
31
34
48
36
52
28
58
41
29
43
43
38
47
45
56
32
45
30
46
41
32
47
76
58
80
58
36
43
27
64
42
33
33
29
55
34
45
28
40
48
40
46
29
33
41
50
41
33
28
33
33
50
26
27
50
27
40
32
43
28
29
28
32
46
32
51
32
42
43
37
49
27
49
32
42
39
33
30
33
32
41
59
29
29
39
27
32
44
46
29
53
37
24
27
32
36
34
31
50
38
27
32
46
36
39
32
43
56
25
48
32
41
36
33
46
26
38
45
25
39
40
35
37
47
33
30
65
37
39
57
24
36
34
45
31
33
46
29
41
33
29
47
38
29
26
38
48
38
45
69
30
25
66
68
38
49
32
33
28
27
30
26
28
27
47
34
25
40
35
42
34
38
35
27
41
46
29
45
32
33
30
32
37
48
34
31
32
43
53
44
56
34
44
51
36
34
45
59
32
61
49
50
44
29
29
35
44
35
62
48
48
31
50
28
55
37
38
33
29
38
34
29
28
33
40
44
29
41
30
29
38
64
29
31
57
45
30
31
31
34
45
33
37
47
36
147
34
27
28
31
28
32
35
51
25
34
43
29
38
40
38
29
68
31
34
31
80
54
86
27
26
34
139
52
47
53
29
30
38
31
41
36
31
28
41
41
47
35
30
34
33
35
40
40
43
36
28
34
43
35
36
37
51
27
32
26
29
56
33
29
29
30
35
35
27
36
30
45
31
35
31
29
56
31
61
40
30
25
44
40
37
40
46
51
42
30
53
38
29
50
36
30
27
30
57
30
54
52
34
25
28
57
42
41
45
31
53
45
37
58
38
32
32
55
34
34
42
35
33
47
34
54
46
49
59
32
44
25
45
40
29
48
47
35
24
25
27
29
43
35
57
34
27
35
32
47
27
42
90
58
58
34
52
34
64
30
56
33
33
44
45
38
33
35
50
43
32
66
50
54
43
30
33
36
45
36
60
30
29
43
56
33
24
54
30
32
55
42
35
30
33
41
30
69
52
25
26
36
33
34
30
31
33
28
31
41
30
44
42
31
28
35
28
53
40
43
60
55
32
74
33
31
28
49
34
27
31
35
43
46
46
39
46
51
50
66
42
40
46
36
57
26
55
30
27
34
63
42
60
64
49
45
31
42
31
48
49
59
28
40
55
31
83
29
65
123
52
38
42
48
40
48
31
44
43
37
26
70
55
36
40
33
43
45
38
37
51
33
46
40
44
31
40
32
72
62
44
32
60
30
34
41
36
43
32
77
31
32
42
36
39
60
51
30
31
40
49
48
31
21
39
34
37
44
59
34
36
32
41
38
60
33
28
30
30
57
27
33
29
37
51
85
35
43
42
53
34
38
55
30
32
46
34
28
51
26
32
45
37
37
57
31
30
53
39
38
42
47
38
59
32
31
41
33
52
61
50
72
28
38
94
151
62
125
37
77
69
41
38
62
43
45
37
46
33
38
49
45
45
32
37
46
39
50
39
46
35
50
34
44
36
41
51
32
46
34
42
44
36
29
28
26
37
37
37
59
29
64
44
38
37
45
31
40
47
51
47
47
63
40
56
37
40
46
35
50
72
37
72
51
30
33
46
69
33
37
52
43
33
28
31
177
56
104
48
42
28
31
44
39
42
50
60
42
42
44
54
58
50
27
61
53
50
47
28
42
31
46
30
48
60
30
44
52
43
47
46
40
35
34
55
41
47
50
33
30
27
31
31
43
48
31
29
47
56
50
45
62
44
59
53
42
33
49
54
45
42
51
42
64
43
46
61
41
35
35
37
28
44
27
42
40
47
48
68
34
45
39
65
32
33
29
40
26
31
27
53
43
28
33
45
80
29
37
42
31
48
51
30
25
30
27
23
99
44
67
56
50
44
27
27
36
26
31
36
29
33
58
31
50
30
44
30
29
77
35
33
51
29
39
52
38
43
29
34
63
25
30
52
41
36
30
42
40
34
32
58
40
44
45
39
37
46
36
31
45
56
49
59
45
35
38
41
42
63
42
33
37
45
43
36
37
44
43
39
45
38
28
39
34
32
61
39
64
27
35
34
62
34
39
34
66
29
44
34
26
46
44
38
35
56
33
51
61
63
42
45
42
44
31
49
50
53
40
31
30
31
46
45
46
47
40
31
37
38
34
37
48
45
41
29
48
29
27
27
58
39
48
73
44
28
50
34
47
48
39
39
44
45
31
25
25
27
35
57
25
143
153
212
342
83
37
63
39
95
61
69
36
64
37
28
41
33
51
41
56
36
27
45
49
32
31
35
30
48
37
31
55
29
32
30
28
30
66
66
38
27
49
77
29
33
36
27
29
27
69
39
32
41
60
46
29
28
62
36
60
40
23
34
45
32
30
63
21
33
72
28
33
58
30
59
34
46
32
33
41
86
47
44
43
62
53
48
31
38
32
28
36
31
27
34
32
42
43
35
30
33
38
31
38
37
50
66
45
38
33
34
36
28
51
36
42
48
54
58
63
35
48
39
41
32
29
30
27
28
32
43
32
44
40
42
37
43
40
31
38
33
34
44
34
55
39
28
67
33
59
38
32
28
45
41
32
26
32
32
87
58
67
33
29
53
32
48
48
44
65
28
31
60
47
28
30
29
38
44
30
29
46
43
38
57
44
31
24
29
30
28
38
34
44
33
30
36
31
39
28
27
64
47
61
41
44
35
34
31
40
63
27
51
32
36
39
50
42
29
42
37
34
50
94
61
27
32
42
32
31
34
76
46
34
50
51
30
39
26
48
34
53
63
32
27
46
42
36
45
31
27
40
27
29
47
38
28
45
30
39
62
50
32
28
44
40
35
47
45
28
66
41
43
38
43
40
35
49
30
51
43
47
44
33
50
27
31
44
31
34
47
34
56
56
36
28
33
41
34
39
36
36
39
32
33
33
56
29
33
42
58
85
30
32
43
27
40
36
34
36
34
42
26
29
69
54
40
25
28
29
37
27
27
29
66
30
49
39
41
25
31
35
31
25
34
29
38
45
32
39
42
23
33
42
48
44
32
34
46
74
83
34
46
70
35
105
86
48
82
39
47
40
39
31
43
34
35
44
39
109
62
25
47
36
40
32
66
68
28
37
49
33
32
41
35
28
47
36
31
24
56
32
33
41
50
46
52
60
33
28
53
33
47
43
54
40
37
35
59
42
38
45
34
29
30
32
27
24
37
38
39
45
33
38
39
38
37
28
31
30
39
69
86
32
37
35
45
36
31
42
56
44
44
31
40
60
32
40
28
42
33
44
36
51
47
59
49
43
53
45
27
36
33
58
56
49
59
35
34
30
27
46
26
37
50
34
34
30
29
23
35
23
29
34
82
58
41
70
35
51
46
31
38
45
38
49
37
53
40
50
26
45
51
28
28
40
27
39
34
45
37
57
26
30
50
36
28
26
52
28
30
32
47
28
31
27
30
44
44
29
32
29
44
34
50
29
32
28
31
37
25
31
39
39
39
30
55
32
34
31
50
29
33
28
29
35
37
26
33
26
34
32
37
43
31
43
30
56
43
45
34
51
38
26
30
44
37
46
54
40
33
36
43
36
50
54
45
31
38
44
51
40
25
32
86
73
47
71
40
47
30
36
26
39
25
38
27
37
47
46
40
32
32
38
50
44
41
40
32
42
24
55
26
30
54
44
29
33
39
54
57
32
40
30
30
42
39
28
57
30
46
55
34
34
55
39
27
29
51
54
31
44
25
29
47
37
28
49
33
32
32
56
30
31
30
48
32
35
57
43
28
41
31
29
37
30
37
36
27
35
27
41
38
60
29
32
33
41
35
59
62
65
32
37
55
30
27
56
29
25
41
46
30
70
40
37
42
38
66
57
235
75
31
36
673
116
44
36
50
67
42
30
55
36
80
29
33
26
51
31
43
45
31
33
33
53
53
47
57
37
40
35
40
28
34
67
68
32
61
31
40
50
63
29
41
58
41
43
34
32
32
36
55
37
18
57
39
27
28
33
45
29
34
45
32
45
43
31
59
34
72
31
47
29
27
52
30
34
27
63
45
27
41
64
31
39
34
32
37
33
51
26
25
46
28
36
25
22
47
38
31
44
31
30
29
31
62
48
44
38
60
29
46
72
32
24
34
41
60
93
50
31
42
35
36
28
54
37
54
43
66
29
39
37
30
48
46
30
35
72
29
43
32
24
46
33
66
49
34
42
83
39
41
45
30
27
35
38
44
80
60
39
54
79
27
36
30
33
28
91
58
79
55
35
59
34
31
72
35
30
57
66
49
38
51
76
28
28
33
32
29
58
42
37
29
34
34
42
35
55
51
30
75
37
69
40
44
37
25
45
39
51
46
34
46
39
30
33
50
50
39
55
29
33
37
37
30
72
58
42
36
29
42
59
39
29
35
31
30
44
43
41
35
38
43
33
32
34
39
38
50
38
39
47
34
38
36
46
39
45
54
45
49
61
37
34
31
35
41
44
41
32
28
42
58
58
50
30
34
38
34
30
46
42
78
39
55
62
42
48
58
43
41
31
43
24
27
31
41
39
31
26
29
32
28
25
29
33
31
53
54
66
49
38
29
36
43
60
62
32
58
33
27
44
37
32
28
36
38
41
67
78
97
66
75
74
156
65
464
52
32
28
31
31
26
27
87
76
52
54
38
34
43
56
38
38
39
38
35
36
32
43
44
38
37
45
36
61
40
32
44
64
32
50
49
47
39
41
31
56
29
33
31
27
39
39
30
34
36
65
30
65
46
38
37
54
36
61
48
28
62
31
43
30
60
58
77
30
39
32
33
39
32
31
28
43
53
49
34
42
28
34
43
45
37
54
54
45
49
39
41
40
35
46
38
28
31
36
26
40
48
27
44
30
53
25
55
33
69
58
38
33
58
47
25
54
36
39
316
35
50
64
169
29
40
29
33
33
40
33
29
31
35
36
36
32
35
34
28
36
36
26
33
49
35
39
30
45
41
34
38
37
27
36
33
27
28
36
55
29
33
42
35
28
42
41
60
30
34
110
42
44
43
117
53
51
34
35
38
82
56
45
32
38
45
66
28
48
33
33
43
31
27
50
30
31
33
30
43
27
31
59
40
45
32
61
31
40
33
44
39
34
38
44
43
40
47
42
29
29
41
25
50
43
31
34
32
28
33
35
29
34
38
44
30
43
37
29
32
31
42
31
32
40
39
30
27
40
36
39
36
58
51
40
53
42
43
44
35
37
36
35
48
50
28
33
38
42
34
33
47
39
48
41
53
51
28
39
49
35
36
40
30
34
39
49
46
38
66
42
34
34
36
34
31
40
46
34
31
30
42
28
48
45
38
36
35
49
26
35
29
31
36
31
30
30
25
79
50
33
30
51
36
37
58
50
29
37
31
36
30
44
57
30
32
28
34
28
31
57
52
35
37
41
42
40
40
32
40
29
32
28
25
26
36
62
58
43
41
36
56
50
29
33
30
43
58
35
81
35
60
53
98
36
34
59
35
40
45
29
29
37
33
32
37
28
47
36
28
26
28
31
31
39
48
26
53
59
43
59
36
43
38
31
71
33
67
36
111
36
35
38
34
39
66
59
39
101
53
48
50
49
39
87
35
37
30
37
45
60
46
28
38
49
34
47
34
38
41
45
54
35
29
30
35
62
32
30
36
57
32
42
32
31
63
37
69
42
52
36
40
41
39
40
36
47
38
49
43
29
34
34
32
39
39
29
50
28
46
29
46
28
34
41
41
43
34
27
37
48
26
56
32
28
33
30
32
35
33
33
39
28
29
43
36
38
33
44
33
40
46
44
33
36
48
33
31
45
41
37
38
34
34
46
30
44
34
40
33
34
33
24
34
45
40
45
69
37
30
47
29
51
25
36
32
31
40
38
31
31
64
24
66
63
27
37
62
43
36
32
59
36
50
53
35
37
44
39
41
40
52
34
40
50
40
33
40
35
33
37
56
39
41
36
33
43
38
60
46
65
36
35
45
49
38
32
41
29
48
29
29
36
32
33
30
41
36
35
38
38
49
26
41
41
35
43
41
38
37
39
46
53
59
39
48
31
34
34
35
35
35
41
36
41
32
34
58
38
33
36
40
43
30
40
55
33
45
39
32
38
36
38
28
39
48
44
46
32
40
30
41
38
49
30
41
104
76
34
29
52
34
28
29
38
37
36
43
34
52
59
39
40
36
33
42
30
35
39
45
38
46
29
39
29
34
41
33
29
38
40
36
28
32
34
37
41
29
33
33
39
27
25
41
36
40
26
44
47
32
38
42
34
49
29
33
28
29
46
35
31
22
54
47
27
49
62
28
35
26
24
35
63
49
64
31
25
25
29
33
26
56
71
25
87
46
52
71
63
35
57
32
57
36
109
66
47
40
49
45
25
58
53
34
53
61
29
41
47
34
37
57
53
43
44
69
35
34
37
33
35
44
36
48
38
41
98
65
39
53
34
41
55
34
26
45
35
36
32
62
51
33
27
42
31
43
48
47
61
34
57
56
47
36
59
37
52
42
51
30
32
43
49
34
28
30
33
29
35
32
34
33
47
30
34
38
49
36
35
36
41
42
40
37
40
40
37
40
35
35
