265
213
157
367
30
395
59
322
206
693
136
83
107
89
81
67
81
91
83
76
58
79
78
47
53
43
39
43
36
179
84
41
77
116
1220
462
178
392
165
352
99
101
49
36
49
41
41
46
38
42
45
40
41
38
29
44
33
48
32
34
40
38
45
31
29
37
40
45
37
30
39
35
31
31
41
32
29
36
40
42
44
39
35
30
25
30
506
5528
243
110
68
57
66
50
60
45
60
41
50
52
48
68
52
52
57
67
65
63
80
44
57
44
57
52
67
110
61
67
68
64
62
34
42
36
39
46
45
34
50
38
43
26
25
33
25
30
29
27
22
39
28
23
27
24
26
38
55
737
231
3527
45
55
35
31
30
36
45
76
189
106
68
251
92
123
191
131
193
121
32
93
59
118
183
153
113
57
50
41
37
46
46
32
48
46
42
44
45
51
39
27
35
43
44
42
38
43
61
40
48
45
29
42
42
41
38
42
30
40
41
79
50
30
28
28
47
31
34
46
42
31
49
1855
347
436
257
291
75
54
39
29
33
35
31
29
29
35
36
50
41
40
31
43
44
28
34
51
43
34
40
32
35
45
43
49
40
44
41
34
31
45
36
31
42
34
42
37
37
40
48
36
27
34
78
38
30
26
30
26
43
47
37
36
30
32
29
29
32
34
33
38
32
30
40
1617
442
174
475
217
111
68
44
41
38
32
28
26
29
32
28
40
37
30
31
33
24
30
36
31
31
38
40
32
50
38
32
35
31
30
29
32
26
34
40
45
31
42
32
40
31
29
30
25
26
32
26
28
27
27
27
27
32
32
33
32
2253
178
257
122
64
49
38
28
45
35
29
37
28
42
35
31
43
33
48
37
33
35
30
38
43
37
35
30
31
35
36
29
28
43
35
36
30
30
43
39
37
31
41
32
37
35
25
29
26
54
36
24
29
27
46
37
609
182
2052
313
138
65
54
32
48
34
29
37
33
31
40
47
36
30
31
39
43
30
32
31
34
30
34
45
40
39
44
44
42
38
29
38
42
34
38
32
31
37
34
26
40
40
31
43
41
26
33
40
31
27
51
28
38
36
27
29
26
36
31
39
2805
80
49
33
30
40
33
40
37
34
30
29
42
41
40
40
47
33
43
34
41
42
39
36
34
26
32
34
28
36
37
35
27
28
38
42
36
45
36
45
32
39
36
34
33
65
24
28
25
27
44
46
33
29
319
159
161
340
198
38
232
513
275
273
306
150
142
74
37
41
53
46
45
28
39
31
39
30
38
34
34
32
39
43
31
29
37
36
44
38
43
40
32
31
43
37
35
39
28
47
30
36
37
40
40
35
41
30
38
38
37
33
30
25
27
29
35
43
50
31
36
32
31
37
29
30
32
32
38
34
43
36
2633
61
31
30
32
37
37
26
33
34
34
31
30
29
33
36
32
31
47
35
40
35
36
53
28
67
50
51
89
49
67
57
50
45
46
43
38
2060
261
206
245
86
47
31
32
35
46
39
34
40
29
35
31
37
34
32
30
38
137
483
116
67
2302
50
43
41
43
45
104
92
93
73
74
121
91
91
88
90
72
181
115
59
78
56
78
100
67
78
91
62
49
40
46
29
46
67
51
79
68
47
62
67
27
70
42
53
27
52
60
48
43
72
62
57
50
41
78
44
55
76
147
78
31
42
36
47
43
37
39
36
169
510
420
197
305
214
216
117
29
34
42
43
40
40
45
41
36
43
36
44
45
43
123
43
32
70
95
69
69
72
64
80
115
66
60
170
2160
64
110
90
96
45
44
71
114
88
117
194
123
126
56
73
55
223
3256
90
45
49
63
38
96
40
42
118
97
104
94
92
119
2171
49
39
60
46
118
56
97
70
73
96
67
70
74
100
63
67
92
74
68
2525
46
44
648
48
56
51
61
68
38
78
47
52
57
236
2438
53
45
40
44
49
45
43
48
41
49
47
50
50
45
46
36
36
64
54
52
54
43
43
47
65
50
38
78
43
26
34
40
44
35
64
49
2535
43
30
49
45
42
48
44
44
44
52
79
50
42
53
36
39
40
57
39
127
45
125
131
107
63
50
44
48
32
34
56
49
64
2369
85
55
35
39
34
50
39
48
42
42
41
38
45
45
39
48
43
37
41
41
47
39
42
137
99
81
63
71
66
48
47
35
66
2133
93
43
33
44
34
44
48
42
44
48
35
46
32
33
45
106
117
110
65
103
72
141
91
106
586
151
421
121
343
224
394
128
57
46
42
50
38
47
61
42
46
46
49
40
37
46
47
45
43
38
46
53
38
50
50
40
49
62
45
42
40
41
41
46
34
34
37
47
47
33
32
41
43
45
27
150
161
121
53
89
70
68
112
42
65
47
84
50
96
63
62
100
45
52
57
81
105
98
66
83
79
48
116
98
140
34
61
71
47
38
46
45
41
37
48
50
32
43
43
33
48
41
42
47
49
61
34
40
44
38
43
43
35
45
42
49
37
38
38
30
41
41
36
55
45
50
37
47
49
143
609
64
44
106
115
222
427
84
744
557
472
71
169
199
113
175
178
245
185
174
105
102
101
109
134
200
529
1216
259
577
385
379
207
66
61
85
61
41
36
51
52
45
54
74
55
41
135
50
35
53
36
39
41
49
46
43
44
45
47
46
43
41
49
45
41
41
39
31
32
35
51
43
33
28
33
43
28
36
66
2349
45
80
62
47
173
127
47
54
53
56
28
37
36
88
43
48
85
40
53
76
46
36
84
48
97
37
63
33
96
55
81
55
49
50
31
51
45
94
28
51
59
83
116
74
64
37
46
42
65
47
40
44
49
39
79
65
25
43
40
794
2608
34
30
37
37
35
37
30
30
1932
46
47
26
62
62
24
33
44
46
42
69
54
67
54
26
26
90
38
64
37
70
48
36
31
34
46
36
26
76
49
45
49
40
28
56
37
48
68
46
55
73
38
33
42
31
38
35
30
26
43
43
55
26
29
33
41
36
57
35
38
44
45
29
43
34
38
27
52
35
41
31
40
39
36
39
41
29
34
25
36
28
31
29
27
26
29
53
48
119
68
152
93
91
124
62
45
124
65
100
94
101
74
94
43
37
74
77
130
57
124
131
83
106
127
126
244
252
211
156
101
229
101
125
76
50
25
25
27
25
21
28
24
24
23
29
29
23
32
31
34
25
32
24
28
27
27
25
26
28
24
33
27
24
29
29
22
26
22
33
24
22
28
32
37
26
27
25
24
25
26
25
27
24
27
22
24
32
24
22
33
22
41
27
32
24
30
26
21
25
23
25
24
30
23
26
23
24
24
24
26
23
55
117
4361
31
33
43
31
24
26
44
40
39
3565
33
39
29
29
30
28
27
28
39
57
37
29
32
41
34
32
29
35
493
124
120
81
120
72
63
158
77
113
41
53
75
65
91
150
55
87
55
77
116
79
148
86
138
82
174
42
123
86
112
102
42
73
40
33
31
30
25
30
28
25
30
33
41
34
26
27
44
37
35
28
31
28
28
45
71
97
47
83
117
62
49
52
61
53
94
51
85
86
67
72
52
87
60
89
54
50
47
80
52
47
64
78
63
44
75
26
53
51
48
45
53
81
51
83
63
39
50
87
47
58
113
61
55
66
57
89
60
52
86
42
35
32
31
26
41
35
31
27
30
57
34
40
41
76
35
43
48
55
122
89
101
104
73
118
109
137
138
164
114
143
42
155
73
129
63
151
63
156
100
122
65
127
89
152
90
124
30
28
30
49
40
43
36
53
33
52
43
124
57
204
100
44
51
33
39
37
47
52
37
33
52
39
38
40
40
34
39
34
40
44
35
34
40
38
41
44
28
37
45
29
38
40
37
30
35
33
36
32
32
34
38
34
30
38
42
35
32
30
25
34
37
28
26
27
766
294
150
77
181
150
99
84
95
39
71
36
31
43
27
93
55
114
37
35
150
58
61
81
66
54
56
58
56
74
40
60
37
49
35
29
47
67
32
50
38
28
95
42
89
124
53
37
37
58
43
53
52
45
42
51
55
50
45
36
35
45
41
43
44
46
44
40
44
48
40
30
38
46
43
41
45
48
49
47
36
33
49
34
39
39
63
5539
335
303
175
72
39
64
28
26
28
36
36
46
62
3605
246
100
147
137
102
118
77
167
152
139
25
105
145
152
776
381
446
602
377
250
73
63
43
35
42
54
40
54
36
42
44
69
60
43
55
34
39
41
38
39
35
42
33
39
36
46
39
38
46
54
43
37
40
48
35
42
40
40
44
37
46
37
30
31
32
33
25
27
26
35
34
39
26
36
32
28
37
3621
57
55
38
43
34
36
34
36
41
38
33
37
38
36
37
32
42
44
36
46
34
42
39
37
38
41
42
37
41
43
47
40
46
35
34
38
40
42
36
36
33
48
58
61
39
34
29
37
31
31
47
33
42
45
39
33
30
30
46
42
2365
46
48
43
55
61
57
163
136
136
121
95
197
183
56
41
32
86
77
52
114
72
99
66
46
90
66
62
53
40
85
75
105
55
64
102
90
55
58
64
25
79
91
112
59
69
86
91
34
42
65
34
36
36
29
2996
157
49
41
48
57
46
54
41
55
33
45
50
43
43
32
44
38
43
45
32
43
29
49
29
47
45
57
34
42
43
60
29
52
47
34
43
470
193
28
63
37
45
85
96
50
67
73
46
75
63
65
86
65
83
34
99
35
52
35
81
83
38
41
40
50
86
52
59
82
31
27
35
29
44
40
418
163
148
138
152
148
116
197
98
215
86
59
58
37
91
40
42
68
49
55
35
79
60
22
64
46
69
44
59
108
40
74
41
57
53
71
48
83
35
65
27
56
120
54
40
91
56
57
53
46
28
84
52
207
30
111
291
162
407
635
294
686
374
438
159
99
44
35
42
30
31
39
40
34
40
41
40
57
43
33
35
33
41
41
38
32
39
39
41
33
42
35
31
34
34
37
35
43
43
52
36
37
39
31
38
39
45
38
33
25
23
38
25
29
27
32
33
28
31
37
209
169
371
286
268
61
285
62
289
109
79
87
49
41
60
30
72
84
68
34
33
82
49
54
47
102
91
75
229
189
267
503
242
309
256
163
37
35
45
46
72
41
38
38
46
37
62
63
66
65
38
39
37
38
41
2685
41
48
39
48
65
70
184
2738
56
69
673
207
226
58
80
69
67
100
54
28
126
67
81
48
66
70
92
57
47
47
47
68
119
48
32
67
101
59
50
43
87
45
51
48
96
69
100
35
37
31
27
31
32
151
344
50
47
32
35
41
39
44
51
45
39
40
51
38
46
52
44
45
43
54
44
50
42
190
68
124
93
56
976
1030
755
1493
76
162
285
234
118
983
322
521
220
104
85
124
189
240
296
162
54
64
198
343
137
79
53
55
85
84
153
110
62
174
61
165
272
82
55
136
106
96
137
268
388
401
155
67
120
98
102
97
106
36
241
231
320
178
82
332
447
88
100
84
93
346
88
196
106
1478
492
412
755
863
251
253
528
549
757
9519
157
79
76
69
56
37
48
1840
3567
373
195
871
238
108
84
182
102
104
164
76
93
46
56
53
51
74
83
123
145
58
57
1593
214
201
559
170
1037
357
604
885
135
125
73
83
44
99
43
44
45
33
39
36
41
1631
935
58
2761
921
248
72
59
81
68
52
49
58
92
73
55
46
47
37
42
42
51
48
43
62
54
302
55
769
942
1849
3208
235
77
96
83
49
87
215
120
8534
573
86
995
77
498
416
1124
1078
1631
262
128
65
63
45
42
48
51
31
32
56
45
40
39
33
57
35
27
38
35
37
53
780
226
1106
421
238
734
326
2347
338
1247
959
929
907
526
501
704
279
447
1102
1438
571
231
481
501
334
169
436
430
1576
825
866
899
188
713
309
142
534
409
366
445
140
656
263
1069
563
565
194
936
399
604
339
1075
888
52
614
26
1161
1060
97
754
134
97
264
93
386
246
542
634
360
661
399
369
269
495
44
738
1049
154
205
258
539
196
176
418
88
435
433
126
568
135
145
158
197
772
449
835
164
125
123
87
120
264
160
4736
122
119
112
275
392
72
176
202
692
884
665
223
165
348
117
86
151
350
281
311
62
99
482
2616
2064
542
1896
373
87
168
820
928
1857
2381
379
125
138
98
82
104
417
1948
2111
1795
1884
2210
988
1066
187
457
627
2168
1906
1496
127
129
194
174
4447
1451
958
442
631
472
168
2504
189
129
112
351
971
812
412
339
1660
108
79
180
249
125
1809
1866
1658
512
2270
145
134
42
123
375
4917
298
581
283
87
49
86
1460
2061
540
110
293
207
824
145
174
69
98
38
37
42
46
1903
504
1283
496
156
130
130
231
576
2125
145
188
362
288
334
419
478
113
2599
452
193
317
351
501
1200
641
911
613
75
192
4935
236
502
102
578
727
440
199
185
60
124
123
67
126
54
55
305
181
79
61
200
71
76
238
324
423
708
677
52
866
433
324
47
386
355
169
48
119
476
462
42
113
265
663
71
130
119
435
55
208
642
406
188
233
215
123
362
858
551
566
200
797
368
55
284
194
333
78
224
229
110
212
148
141
104
70
39
62
50
50
137
2169
144
726
99
122
139
183
183
172
192
183
174
160
171
133
99
45
35
44
41
48
141
187
2283
221
715
234
218
335
290
438
64
58
38
46
39
46
89
64
81
154
53
45
2192
75
43
41
44
36
32
41
30
30
31
29
31
39
39
31
43
41
32
46
41
38
54
64
203
183
49
37
36
27
33
24
58
61
276
101
263
205
107
214
217
122
126
101
60
73
64
37
42
49
57
75
151
39
148
2236
46
40
35
33
39
31
41
38
44
39
39
105
68
121
67
91
76
81
137
157
85
84
89
64
37
56
43
53
48
44
35
34
37
43
38
37
44
37
45
34
31
32
52
46
32
51
31
107
33
26
29
41
41
29
31
34
28
33
29
36
41
40
38
36
34
37
32
38
34
33
44
34
28
33
32
39
28
30
36
33
35
40
32
32
36
29
39
32
41
33
31
28
31
26
32
28
32
31
32
32
32
29
27
30
39
40
45
51
28
33
28
33
31
28
31
27
33
31
35
37
29
34
33
37
65
33
32
28
31
27
36
29
36
28
28
32
31
30
27
38
106
69
44
61
58
39
32
33
31
35
35
72
34
34
44
35
35
41
32
47
37
48
30
31
33
36
29
33
25
36
30
27
32
30
32
31
32
30
27
28
31
34
31
28
31
33
30
30
36
32
23
35
27
31
36
26
30
27
30
29
29
34
26
31
35
29
33
35
23
34
32
31
29
33
33
29
27
35
34
29
41
31
34
36
31
32
29
30
29
33
28
33
28
27
40
32
34
29
30
31
34
34
27
40
30
30
32
63
35
32
34
30
27
32
31
27
32
31
33
28
31
31
28
37
28
37
33
32
32
26
32
26
33
32
26
29
28
37
31
25
29
28
43
25
28
31
52
42
32
33
30
26
29
33
30
35
36
29
32
39
34
25
33
30
24
32
28
26
34
28
23
33
28
28
41
29
25
31
31
36
26
35
23
24
32
33
35
28
36
32
27
29
53
27
35
35
29
41
29
39
26
33
41
31
33
27
34
29
35
34
30
33
33
26
30
26
31
29
27
35
27
32
33
33
30
32
34
32
34
31
30
27
40
26
35
36
29
32
28
46
38
49
49
27
38
36
48
42
41
35
38
32
30
27
33
33
35
24
32
2924
46
49
42
33
42
38
40
34
38
36
46
36
49
42
39
45
46
37
36
52
33
214
2260
172
76
81
156
239
133
35
32
38
37
44
40
38
35
41
38
30
41
31
30
30
28
27
27
23
31
22
22
22
28
24
34
25
24
35
54
25
24
30
26
29
31
23
29
23
22
19
20
23
22
20
25
33
28
23
23
28
34
23
26
24
22
26
25
33
24
25
27
28
318
123
573
187
431
358
289
360
386
85
62
38
34
27
29
35
30
32
30
33
45
29
29
30
30
26
32
45
52
50
55
50
65
43
41
44
44
48
47
43
48
55
40
39
46
28
35
29
32
789
85
655
85
6280
885
1042
437
266
563
171
628
309
168
146
73
114
100
86
110
55
58
87
117
92
121
126
629
531
244
448
351
495
285
99
1236
469
591
397
642
329
145
126
624
101
55
51
34
30
48
34
37
38
35
39
28
39
34
27
36
34
46
31
33
36
42
36
38
36
39
41
36
45
37
31
43
35
35
37
34
35
31
33
29
37
30
29
42
48
31
37
54
38
42
53
246
552
2364
1042
523
684
752
169
680
655
330
184
133
92
89
66
246
60
214
41
265
913
58
56
431
287
476
426
197
300
103
129
898
324
381
268
162
151
90
32
42
34
44
32
34
45
33
30
29
48
33
47
39
31
50
50
33
31
27
29
38
28
32
43
33
31
33
49
44
28
35
32
33
37
34
29
43
40
31
24
34
36
30
77
81
49
47
49
29
22
57
3361
117
43
43
30
41
29
32
30
38
29
50
37
28
32
30
28
28
29
36
30
32
28
36
37
28
32
33
29
31
33
29
44
32
36
22
31
45
70
36
35
241
9632
188
109
200
104
122
143
123
90
140
79
96
49
45
42
86
42
34
62
31
28
37
43
888
198
375
51
979
897
108
89
54
108
73
240
3123
124
69
71
68
72
77
74
189
638
304
124
56
79
163
214
214
235
210
64
399
36
161
85
148
106
76
70
110
154
163
2974
87
114
81
60
64
123
60
172
3047
73
66
99
179
201
523
278
355
701
395
426
211
138
114
109
69
65
100
66
71
74
88
179
162
143
87
260
350
237
138
692
926
69
86
63
71
99
103
75
181
162
124
129
77
156
60
182
229
34
239
1045
160
195
117
157
43
102
74
74
68
77
39
66
3104
110
83
72
69
47
70
106
128
201
390
712
491
263
194
237
150
171
158
62
117
134
83
70
70
71
70
182
294
109
98
93
121
61
375
89
103
296
441
231
531
142
66
75
93
60
44
101
129
86
47
53
121
119
3011
134
128
175
4184
59
76
61
66
160
194
261
989
1056
149
220
132
129
118
100
67
45
68
71
73
75
68
38
188
201
64
492
568
124
487
231
360
73
100
56
63
97
128
52
71
75
81
47
126
108
184
218
179
59
48
131
86
350
119
716
84
221
434
117
78
132
98
55
62
87
59
50
106
99
193
286
430
47
351
570
520
163
80
118
78
111
76
85
131
57
71
93
73
114
84
49
69
197
358
203
54
495
442
1067
139
61
287
75
89
99
156
198
142
139
120
115
135
100
74
56
39
49
42
43
35
37
43
41
27
31
37
27
40
36
4215
114
104
100
76
113
111
73
98
78
64
68
33
37
77
41
35
53
34
33
30
46
57
41
50
306
476
926
81
2311
154
651
353
275
1391
62
111
39
65
138
101
33
27
70
62
56
258
49
349
5115
240
231
221
123
82
65
58
2954
154
353
194
411
91
666
66
526
97
682
114
34
238
57
79
245
480
89
241
106
199
141
104
135
160
97
68
62
95
263
36
2700
358
433
158
244
158
152
137
105
149
148
123
101
58
39
29
50
31
25
29
45
41
38
27
30
26
27
27
29
37
37
23
25
186
3921
363
4099
168
129
136
116
97
60
127
363
3457
83
48
94
100
137
155
91
100
91
89
87
78
103
85
81
74
51
51
62
49
53
37
33
28
33
40
37
28
30
34
40
39
66
4451
254
98
116
152
196
203
74
64
396
4879
118
131
101
76
78
82
76
53
59
46
33
36
33
29
26
28
29
22
24
27
200
88
237
325
550
391
909
159
387
113
180
185
174
140
125
89
93
105
133
106
67
66
102
78
168
295
136
101
428
278
279
306
442
181
371
249
96
79
116
97
69
114
86
107
99
95
106
143
97
98
83
149
55
51
58
44
40
36
35
29
35
44
32
165
174
314
77
365
736
35
570
84
433
426
101
203
136
89
100
76
105
95
105
89
57
69
81
62
51
58
69
56
3623
98
166
94
121
133
123
141
120
115
53
57
76
73
37
39
29
26
4155
174
75
73
97
113
69
93
89
126
67
78
53
49
33
38
40
30
37
591
272
134
214
125
166
379
754
221
64
314
116
139
122
90
161
98
112
77
62
94
84
114
85
86
83
66
128
62
193
43
3778
94
71
79
207
144
105
110
62
58
71
180
293
73
36
255
246
111
444
257
197
173
237
366
53
467
157
186
105
98
75
111
104
123
83
105
134
33
75
51
47
91
35
25
38
3663
111
102
118
216
120
89
86
83
73
63
47
37
49
46
179
981
128
109
254
68
374
251
99
138
62
122
103
180
514
757
130
115
270
76
88
174
127
86
72
68
89
78
157
290
177
124
61
59
407
129
38
175
78
379
151
181
308
371
384
618
151
67
77
190
256
150
126
65
167
123
196
100
80
68
52
67
186
177
99
223
199
429
348
333
48
70
82
673
352
74
167
165
112
132
142
114
81
94
136
87
78
124
66
59
109
57
36
51
68
787
1245
1146
99
65
30
90
137
64
54
306
143
260
151
149
80
81
82
55
60
63
45
48
44
39
44
51
37
36
34
34
26
24
27
23
23
22
22
25
32
24
25
34
29
31
31
32
28
29
34
34
33
36
284
610
78
93
330
619
485
611
734
149
103
165
90
222
135
195
135
192
166
122
106
117
96
56
50
37
51
57
45
39
38
33
30
26
30
26
28
25
27
26
71
1382
567
540
1274
1432
144
389
230
1064
234
172
114
103
78
44
76
62
36
63
50
56
48
49
27
33
41
62
48
44
79
76
52
32
31
67
35
35
44
25
36
31
30
27
33
34
28
361
809
63
3946
150
223
93
106
50
81
61
41
47
51
33
46
48
39
35
43
42
36
4497
159
289
256
122
146
95
90
50
79
58
34
53
64
43
53
26
37
53
36
28
28
38
986
92
158
149
315
70
602
477
161
278
209
54
231
103
429
160
113
229
226
142
140
208
128
77
62
61
63
57
51
77
77
43
67
213
95
2986
352
651
218
618
1148
595
267
249
129
1442
326
477
137
138
97
99
53
48
51
39
49
33
38
47
62
34
37
40
38
305
2056
3050
199
524
75
94
87
69
41
69
29
44
35
35
31
868
790
41
492
63
169
285
430
84
372
466
1260
169
251
340
109
86
83
84
55
72
51
52
40
1191
293
5611
145
117
110
110
180
253
86
105
1290
424
628
172
251
357
93
375
75
83
76
239
256
239
260
174
107
86
66
58
6054
167
115
82
149
71
98
75
99
48
87
57
60
217
725
1085
156
2037
398
237
662
1245
288
50
1100
1435
183
121
1037
113
105
178
152
182
155
176
165
217
3354
313
90
794
326
526
306
122
133
82
321
112
105
309
4873
192
113
158
306
175
5836
159
117
249
73
93
129
76
38
8224
326
132
160
101
158
124
85
67
67
5368
184
179
142
153
213
144
57
89
64
90
186
1015
592
168
723
173
588
681
915
157
53
765
450
491
286
103
88
91
70
43
38
1240
511
661
322
1853
313
375
1527
749
387
144
161
630
81
54
41
3281
112
330
131
66
223
87
237
251
292
483
519
282
462
81
88
208
205
176
105
159
149
106
155
115
99
135
126
123
247
87
89
111
185
134
182
95
92
99
119
237
70
166
9297
103
88
78
83
79
96
59
74
92
157
179
83
102
111
70
47
46
42
40
86
5623
207
105
53
55
47
62
46
46
38
42
42
25
28
25
30
54
42
37
250
599
309
193
57
274
390
103
180
257
184
504
195
1959
135
96
97
48
57
47
40
43
40
33
38
45
51
45
26
42
42
35
38
43
42
39
33
66
39
54
2948
121
73
83
51
84
55
65
77
53
81
65
34
76
49
40
65
47
44
52
71
42
41
30
50
45
31
36
39
35
40
27
47
39
34
55
64
47
32
40
32
31
31
276
339
101
394
558
148
1470
574
726
214
150
121
81
63
125
94
91
99
65
64
89
58
53
50
38
37
42
48
56
38
39
42
33
32
32
36
33
34
47
37
46
39
58
807
124
4092
468
159
112
43
58
85
56
42
36
42
40
204
48
175
707
171
155
307
150
359
944
709
71
145
180
103
80
153
78
47
93
71
60
98
65
76
53
54
102
102
97
59
69
35
64
30
53
50
42
38
217
299
154
215
107
91
171
287
134
106
671
467
546
208
135
97
74
72
68
81
78
71
103
99
73
64
97
57
53
54
55
79
60
71
56
53
47
32
44
43
196
47
3884
440
157
111
81
186
43
3742
231
149
256
71
84
67
90
52
39
56
36
54
185
3830
77
227
195
191
137
98
80
35
51
36
44
4537
492
170
121
98
70
107
58
33
3634
95
58
59
61
55
101
68
60
43
64
82
96
64
55
69
46
50
53
49
44
55
42
43
28
42
35
36
39
28
183
384
73
255
177
107
106
137
83
112
79
49
132
60
99
80
115
269
332
154
39
41
46
90
191
653
134
275
154
621
93
84
100
84
74
77
63
93
61
70
43
60
51
62
59
67
72
52
49
33
29
58
210
441
104
193
850
124
152
364
773
241
528
122
63
107
70
65
66
72
64
59
64
100
66
42
64
54
46
57
47
55
61
69
79
85
84
41
35
63
46
56
181
159
134
347
272
1242
907
55
108
41
127
140
116
100
49
77
113
69
67
67
88
77
51
94
44
36
73
49
40
57
40
60
50
59
52
61
48
35
44
198
143
128
343
294
82
232
786
54
53
221
1020
82
91
106
119
52
114
104
74
39
60
73
164
84
67
71
102
86
90
64
57
52
61
53
47
203
181
267
159
780
247
358
568
245
219
125
82
47
128
54
91
43
119
60
41
84
46
88
45
75
51
84
64
87
34
48
52
56
46
98
36
57
71
66
78
50
47
40
26
54
48
27
89
3709
108
109
147
122
51
129
805
202
155
63
89
52
50
28
35
42
34
38
40
47
57
54
65
42
44
47
298
438
33
87
128
193
96
306
2374
305
157
1317
759
314
115
1033
159
305
408
213
126
169
312
180
121
352
71
64
109
123
94
111
1047
62
4727
3248
115
63
79
91
64
53
46
47
1826
335
1974
2097
300
89
558
279
242
335
139
65
59
80
64
54
48
65
214
1475
604
218
1187
480
396
1966
713
159
99
89
79
56
83
55
73
61
230
67
1703
328
326
465
230
423
626
678
1465
1041
315
225
220
480
175
100
75
89
74
46
58
54
65
1168
263
98
672
689
662
974
336
604
317
232
245
101
153
110
119
68
59
56
46
50
45
39
46
40
39
38
49
48
33
54
149
1345
704
1336
1551
621
153
364
91
296
264
149
195
83
97
163
56
63
89
68
65
48
47
57
64
38
44
50
50
2533
75
41
52
42
51
46
35
61
66
51
62
51
56
61
55
49
65
49
51
59
49
47
53
40
34
48
51
38
52
43
47
45
49
26
44
36
38
35
35
33
50
36
36
35
31
42
47
54
3469
156
40
42
37
76
46
73
132
50
54
32
57
58
51
49
73
276
172
274
152
179
144
136
125
51
59
45
55
47
38
31
36
39
35
31
50
39
38
52
47
38
46
52
38
50
43
50
41
39
46
32
36
41
48
30
40
39
37
45
46
41
50
46
34
45
1314
500
925
179
431
112
265
130
135
213
215
351
194
161
78
61
88
99
64
59
49
88
75
70
1524
341
38
437
4266
5921
5860
4402
1073
790
589
164
267
103
225
111
2026
291
501
202
432
1035
412
983
173
183
3561
164
51
83
40
298
153
1171
102
386
330
244
245
66
252
349
459
141
106
57
43
61
43
42
62
38
40
35
39
35
59
45
50
51
36
45
33
51
48
39
39
43
48
35
46
47
41
61
47
39
43
64
29
39
48
88
54
48
44
51
40
38
193
6620
158
107
61
73
52
59
71
47
11665
64
33
36
43
78
41
62
27
26
26
31
31
31
32
31
26
41
67
45
39
30
45
60
64
61
58
38
48
47
37
51
40
48
35
28
32
36
37
43
34
28
35
58
42
39
27
40
42
29
36
35
56
40
33
27
45
86
109
212
46
48
43
23323
53
41
40
46
58
32
47
49
38
38
39
34
25
33
34
38
24
2862
47
215
2968
59
34
28
31
27
61
63
112
32
27
28
62
34
31
25
32
54
29
25
29
42
31
67
43
34
31
23
28
25
30
24
34
37
42
32
37
52
44
45
35
37
27
25
24
28
42
38
31
27
32
26
29
21
23
26
27
32
33
41
38
75
27
26
25
26
24
31
46
65
30
25
22
29
268
59
28
51
30
29
33
34
35
36
2705
57
30
47
64
36
62
237
281
351
264
270
141
144
100
164
98
148
45
75
71
139
1713
1141
41
40
34
278
672
572
1560
263
1648
436
43
228
321
954
181
246
285
86
824
177
109
147
41
676
174
58
434
583
914
388
373
207
241
99
474
638
159
243
166
318
458
80
108
847
1066
359
610
513
87
400
482
461
226
125
238
550
228
73
1004
768
78
247
293
363
218
366
632
987
901
594
51
592
245
343
73
134
744
294
546
92
198
1309
62
647
235
498
147
484
395
58
1389
415
110
689
144
991
1608
303
636
271
320
633
372
328
128
473
455
70
1511
440
252
554
144
269
291
473
253
742
412
458
36
1479
102
448
622
380
281
765
696
90
352
560
230
479
246
80
362
547
541
467
226
712
77
1117
1176
584
904
511
1674
4481
277
121
386
155
80
71
63
59
75
44
189
296
240
3471
1381
188
151
122
73
59
52
57
53
57
53
53
79
349
15767
64
66
57
43
47
58
39
49
35
36
35
38
40
48
52
40
38
32
30
33
48
30
25
31
26
28
21
30
33
26
28
31
25
5933
100
73
56
53
61
57
52
53
51
37
41
5933
91
88
64
75
89
53
53
50
52
35
56
36
47
245
56
5748
74
264
286
221
180
122
159
93
114
105
191
61
271
203
395
207
300
219
271
345
410
171
1134
247
100
88
64
57
62
80
5733
71
108
68
259
409
1609
208
395
207
1403
918
232
89
80
74
62
54
296
5356
173
122
4554
5955
413
425
372
356
339
94
209
181
476
261
422
440
392
382
179
115
54
239
182
161
145
132
113
481
223
306
468
454
157
289
1016
578
81
231
194
132
53
94
91
594
642
291
125
245
431
1431
465
191
98
225
272
234
751
360
1921
231
282
336
124
166
80
220
99
162
46
219
238
261
181
223
166
53
446
619
249
170
392
253
168
259
414
375
215
451
56
82
81
69
41
225
47
88
51
83
185
161
680
126
410
465
329
916
966
379
225
379
218
294
240
247
118
99
408
1038
297
304
371
141
58
38
88
67
94
67
48
67
39
62
54
53
58
70
48
53
62
49
63
53
55
44
52
48
35
47
48
35
50
34
67
52
59
55
70
54
35
29
42
39
38
35
32
52
60
38
50
36
41
28
30
35
34
32
32
38
33
39
36
34
33
35
35
32
39
26
28
39
36
37
35
43
37
42
34
41
41
33
34
31
29
27
32
27
34
31
33
25
24
33
39
37
42
34
33
28
33
33
26
30
32
24
25
28
28
29
32
32
39
41
31
30
31
31
33
26
33
26
30
29
34
31
64
36
244
48
37
23
51
78
39
53
38
37
43
55
2889
132
64
150
73
123
139
137
195
97
82
59
108
48
105
110
126
54
130
77
104
248
98
142
107
159
54
97
84
89
119
48
119
124
62
111
46
120
47
62
292
57
53
41
44
49
42
47
42
42
40
37
38
38
33
36
33
29
37
28
27
27
26
37
29
38
25
27
34
33
35
26
34
31
32
30
29
38
33
35
33
29
32
32
67
173
35
36
62
214
48
86
76
104
30
34
69
39
37
34
31
34
31
34
30
31
31
29
33
33
33
28
34
28
32
33
42
34
36
31
39
33
39
33
34
31
34
33
28
34
30
34
35
30
34
31
32
33
32
36
34
28
32
31
24
32
33
32
31
31
31
31
24
28
28
26
38
41
32
42
35
29
27
41
32
42
32
31
29
29
38
30
39
40
33
32
31
32
31
29
32
32
35
32
32
30
32
32
31
31
26
34
32
31
29
34
32
34
28
30
33
30
34
25
26
27
29
35
38
36
33
27
30
32
30
30
35
33
31
31
30
30
34
29
34
27
36
30
36
30
31
29
32
30
31
33
34
30
35
32
33
30
33
30
30
33
29
31
34
27
34
28
25
30
31
32
33
33
25
27
31
29
30
31
30
28
31
32
25
29
35
32
30
27
31
25
33
30
35
31
27
34
32
29
34
32
33
30
31
27
37
30
30
24
26
29
28
31
38
32
29
32
30
30
31
30
31
35
32
33
25
33
33
28
30
25
30
37
33
32
30
31
30
30
32
33
35
31
28
31
29
36
30
74
31
36
30
31
32
30
34
30
30
34
31
30
24
34
28
31
32
30
36
31
41
30
36
33
27
32
28
31
36
34
35
29
39
29
32
30
32
33
30
31
31
23
32
26
30
29
33
28
32
29
35
24
34
38
57
43
34
40
43
459
69
125
107
479
141
78
61
125
41
38
44
50
89
40
88
47
84
39
33
111
47
107
50
58
110
67
55
57
85
28
105
85
129
35
79
64
48
38
181
59
60
117
47
80
69
36
44
29
29
39
28
34
35
37
33
38
47
41
47
44
29
34
39
56
84
72
277
53
432
41
48
40
48
34
27
30
36
34
30
34
34
35
29
32
42
99
43
101
44
41
37
36
49
47
30
31
28
32
30
23
27
43
40
42
33
33
34
39
40
41
31
33
29
31
31
23
28
31
31
31
32
28
34
22
31
30
37
30
30
24
26
28
32
28
28
35
26
28
31
31
29
31
25
32
36
32
25
33
27
28
28
29
31
32
27
43
59
43
33
28
33
37
33
28
34
31
29
31
40
31
32
27
30
24
30
28
29
32
31
35
30
31
31
32
27
30
34
33
33
141
1203
923
411
2012
388
213
522
1242
704
604
517
174
262
620
179
275
192
3498
64
50
47
28
34
55
48
49
63
176
247
59
55
52
46
37
43
51
72
49
43
41
50
51
42
56
55
46
41
40
43
47
46
44
44
40
38
34
33
32
36
37
31
30
31
40
40
43
4407
52
39
47
75
44
42
73
48
55
51
54
48
47
52
54
43
41
44
46
61
59
41
44
45
43
47
51
49
43
53
93
59
50
35
50
50
76
85
66
32
48
43
32
58
34
31
34
56
42
42
24
36
27
85
122
87
53
37
48
25
38
42
30
47
31
35
41
42
32
51
33
31
43
1077
282
166
183
116
287
143
167
114
182
69
71
99
228
78
121
117
55
71
68
49
32
81
57
142
60
115
49
53
39
36
92
71
33
102
58
37
29
60
34
2319
74
58
231
512
4541
73
60
72
38
62
39
70
34
14534
84
114
74
43
31
38
53
46
31
52
51
34
39
44
48
48
49
46
48
42
55
48
44
41
38
53
52
47
58
56
33
46
29
54
56
53
47
45
43
37
44
58
43
68
80
3315
44
54
71
64
36
70
51
57
52
50
51
58
42
41
62
50
60
59
49
38
61
54
45
45
42
65
44
49
41
57
51
114
69
54
49
34
44
44
32
49
53
2445
83
51
37
52
61
50
33
46
42
44
42
36
39
48
45
44
48
46
70
52
48
55
36
45
62
53
65
32
33
66
54
65
65
56
33
37
34
35
35
29
28
53
41
39
48
2665
56
50
56
55
61
38
44
42
34
55
46
31
34
50
47
57
46
52
39
38
50
45
32
51
52
49
62
60
53
58
44
52
47
37
34
30
31
53
77
44
66
248
5991
360
198
89
102
59
64
69
55
51
67
278
14505
184
140
78
81
118
74
2256
113
53
244
401
243
732
803
708
583
294
335
691
876
109
296
108
569
275
130
103
1080
149
1271
362
288
398
1125
505
172
210
137
106
58
82
63
43
221
491
441
614
777
109
356
848
269
166
950
117
70
82
46
48
44
55
45
39
45
47
403
59
958
321
591
252
425
1733
326
977
226
130
204
362
690
204
114
132
106
73
68
53
58
61
91
63
52
48
374
471
31
272
99
1725
310
622
283
541
1747
206
3786
87
49
65
77
54
45
133
47
37
75
29
68
38
432
516
2745
279
217
383
286
233
73
121
76
52
50
46
106
101
7886
89
72
55
51
85
60
33
260
507
57
301
329
630
2159
510
2400
466
390
1015
150
146
181
127
172
172
215
153
192
154
167
138
154
204
179
173
176
163
195
116
130
175
125
103
95
107
53
78
205
2712
194
320
558
365
463
120
159
192
249
678
165
179
196
196
173
196
190
164
168
126
105
193
205
158
180
167
159
195
134
170
129
102
101
205
101
81
168
219
325
322
203
848
329
371
345
243
629
627
401
247
84
50
50
51
57
45
48
46
47
45
46
43
48
42
54
41
41
46
43
45
42
43
48
46
40
42
46
46
65
42
43
44
47
48
41
42
42
42
50
44
39
43
43
47
36
46
35
25
25
44
49
30
29
53
55
73
2355
135
73
43
42
41
42
49
44
52
47
33
47
40
49
51
39
39
49
56
36
38
38
54
69
56
58
61
48
48
40
32
32
51
80
81
57
42
30
47
41
36
34
28
35
59
32
29
40
44
34
31
35
91
2165
88
62
58
45
45
33
33
45
39
49
49
50
54
50
37
45
56
49
44
43
33
45
46
50
45
52
57
35
37
52
47
56
39
47
42
30
37
58
69
36
26
207
321
45
56
82
174
208
344
746
756
130
612
303
1319
1095
875
1498
2535
333
243
211
132
174
259
58
735
2586
115
3256
152
79
149
76
137
677
514
308
864
71
77
184
185
595
232
192
184
231
502
1137
72
1026
399
763
399
68
2089
728
109
183
259
307
147
287
125
103
55
76
105
760
550
387
298
223
104
161
143
292
86
179
30
866
216
211
123
120
528
756
161
309
407
198
158
306
214
158
334
195
333
66
258
77
522
83
108
145
107
109
117
216
149
77
353
143
197
137
75
399
315
59
192
266
315
131
328
111
58
267
213
98
278
118
286
180
276
110
154
234
99
222
357
146
128
120
196
594
311
98
204
137
53
269
70
224
68
199
431
195
571
464
86
116
249
252
68
314
396
45
85
230
345
211
97
282
201
198
259
139
265
421
229
209
85
65
99
336
560
165
60
258
54
139
193
510
328
80
349
101
125
776
154
138
456
259
349
104
264
277
710
335
197
549
29
741
533
56
517
27
1100
285
333
545
762
340
457
635
417
375
328
98
242
207
470
131
161
192
350
59
82
188
106
450
273
109
52
80
74
45
69
80
141
460
107
585
250
454
239
351
551
247
156
231
590
533
179
45
209
105
123
600
260
132
480
418
304
36
459
372
57
253
315
50
41
148
119
129
44
144
86
53
35
91
305
335
119
178
475
190
273
164
305
130
218
287
71
172
121
84
71
49
62
49
4501
59
36
45
44
37
45
59
46
42
38
40
56
41
43
40
71
49
38
39
42
53
38
44
37
40
42
39
45
40
44
40
41
40
49
43
44
45
38
44
45
41
37
37
29
41
32
31
26
28
30
27
26
34
43
45
35
39
31
55
2952
81
67
50
52
42
45
45
40
49
48
44
40
49
40
49
52
50
39
41
45
41
41
40
45
44
50
47
41
41
44
68
48
49
43
43
48
44
40
41
41
44
41
32
36
32
25
57
87
52
34
38
69
38
366
469
147
49
1760
761
195
144
389
192
1440
124
138
87
70
76
78
55
49
102
369
6456
128
70
65
46
32
85
53
48
51
2124
829
104
2018
453
244
126
1538
1715
193
788
787
368
331
273
219
262
402
417
123
57
77
46
79
77
61
1894
670
209
422
296
782
1418
775
289
3766
593
214
369
445
178
694
443
109
1168
473
659
924
755
549
132
117
173
2242
451
979
116
160
94
60
54
61
73
85
232
320
67
324
175
91
651
4150
222
90
59
61
55
43
36
58
38
271
126
1138
148
1765
216
1368
523
325
283
462
750
1170
133
2420
227
136
681
697
107
82
168
65
76
393
204
986
1417
865
184
282
838
698
4239
86
52
68
44
55
47
83
36
59
339
269
154
437
276
677
526
1049
478
870
557
824
539
1262
1069
335
432
531
636
938
1164
1254
1367
949
3216
1198
437
230
1201
703
410
1182
898
782
470
1325
300
288
115
80
59
101
73
60
1435
244
259
278
588
367
1099
494
279
1240
192
219
92
65
39
54
58
300
494
822
1398
229
1525
1008
295
162
5928
958
97
67
119
164
292
396
1411
266
126
254
5145
821
129
2070
1090
181
72
132
92
64
393
129
238
171
364
363
664
466
735
489
1068
897
926
535
1235
153
77
140
204
77
126
69
367
1153
34
163
1238
131
1623
278
1074
548
119
155
113
99
476
137
362
514
150
100
83
79
57
57
62
52
45
61
54
47
1999
1640
268
275
120
433
271
288
204
131
582
850
123
70
69
51
59
56
51
52
64
48
47
1971
971
974
282
189
1822
515
289
311
221
60
72
55
51
62
40
49
41
62
234
1109
1004
664
496
96
50
882
461
838
565
592
205
156
70
53
61
47
81
247
1527
61
62
50
223
564
879
381
152
1134
124
893
863
461
1970
292
2509
220
420
188
323
353
158
140
79
70
62
75
68
61
108
43
426
81
788
463
235
194
879
2145
145
1213
218
163
116
204
1107
387
247
273
218
421
356
66
90
60
97
72
92
64
284
5238
96
73
69
102
96
56
47
38
41
52
30
1762
284
989
1107
1184
