22
18
17
23
20
21
17
20
19
21
17
17
18
15
16
16
21
18
19
17
20
18
17
14
19
26
21
17
23
21
16
22
34
22
18
21
18
25
25
23
19
17
23
26
15
16
18
21
18
29
16
20
22
19
20
19
19
16
21
19
32
16
21
18
37
21
22
20
56
17
48
25
21
20
34
24
26
22
16
18
20
17
17
18
24
16
22
23
16
17
14
15
16
18
19
26
21
19
25
19
19
17
28
18
20
17
18
39
33
29
20
24
16
25
23
26
22
14
16
28
25
29
19
15
19
36
16
17
22
13
20
23
20
23
25
23
21
20
16
17
19
30
16
14
16
28
19
23
16
13
25
20
19
15
20
23
20
18
19
22
21
27
17
18
16
20
20
22
20
17
26
19
20
15
18
24
19
17
16
19
22
15
17
17
27
16
18
16
18
22
23
19
19
19
16
17
22
22
19
18
19
14
16
22
26
19
15
19
19
18
18
20
28
21
16
15
14
15
15
16
23
14
22
21
23
26
22
23
14
17
19
19
15
18
19
17
20
16
18
15
15
20
17
28
20
16
28
16
14
23
22
15
15
23
18
20
22
19
19
22
15
21
20
18
15
16
18
15
20
18
23
22
18
17
26
16
20
20
20
20
18
15
18
18
16
21
20
18
20
20
29
15
18
18
19
21
16
26
21
22
17
24
20
20
19
15
18
19
16
31
35
14
22
24
24
19
21
19
24
21
29
15
43
28
23
20
17
25
76
59
184
579
756
524
273
105
602
233
452
168
297
247
466
62
43
408
120
516
172
80
137
73
200
56
352
139
107
122
43
422
239
179
114
256
279
42
46
158
146
136
248
55
67
88
33
125
62
43
207
103
64
117
214
146
78
179
85
37
51
69
71
135
421
322
61
122
59
164
320
81
214
108
132
215
178
187
298
170
150
105
200
572
199
252
898
288
498
557
538
258
487
287
154
171
85
188
508
110
239
84
135
55
60
63
61
44
103
91
62
34
88
67
77
26
34
38
55
94
85
19
77
27
103
32
78
77
43
78
27
23
41
31
26
98
61
35
27
44
27
21
52
31
42
52
57
27
44
19
56
94
32
34
60
93
99
76
31
124
26
33
14
20
140
56
33
93
41
70
21
47
23
35
107
118
49
46
20
51
28
51
90
71
54
33
53
62
34
34
48
64
67
42
49
52
42
48
41
47
49
34
45
37
46
61
45
51
58
39
49
54
30
54
48
39
48
40
43
45
49
168
104
74
21
19
23
32
32
26
30
34
33
27
30
25
28
26
34
24
38
26
31
30
36
38
21
24
26
35
27
27
45
28
30
26
28
26
35
27
26
25
22
36
33
29
34
24
30
30
37
32
22
23
23
35
39
46
22
23
32
27
49
24
19
30
40
42
50
24
26
37
23
32
30
20
29
27
33
29
31
34
28
32
29
26
32
25
30
30
65
44
42
34
116
456
96
86
136
31
53
54
86
65
95
97
72
60
114
81
126
61
105
46
54
46
66
54
39
71
44
30
28
50
41
31
55
67
38
69
81
35
40
76
48
90
95
33
39
78
84
129
82
43
67
88
25
93
77
57
52
24
78
62
73
46
38
48
62
81
88
24
46
50
56
129
42
68
71
40
131
17
32
67
40
86
33
36
25
39
79
45
39
50
24
36
28
21
20
16
18
25
24
19
17
32
25
18
18
18
23
22
17
20
44
17
17
21
23
22
18
23
18
16
18
16
18
16
17
21
27
15
18
14
14
14
20
18
22
28
20
20
19
16
21
24
18
23
20
20
66
39
22
32
15
18
18
21
18
22
22
15
20
21
20
15
24
29
26
19
25
14
22
19
15
33
20
24
16
15
19
16
22
17
17
31
18
21
17
29
18
16
23
25
15
18
17
22
15
15
24
20
19
16
20
19
17
18
15
13
20
17
17
17
15
17
17
19
34
26
24
21
24
19
28
20
18
23
20
18
23
18
24
26
18
24
19
14
16
21
24
21
22
17
21
21
18
20
23
22
18
19
21
19
19
19
16
18
18
16
16
23
16
15
18
20
13
17
18
16
19
18
17
16
15
25
22
18
18
18
18
16
25
16
29
61
20
49
23
28
29
41
23
22
19
30
24
30
25
21
15
28
25
19
23
20
18
16
17
12
13
20
16
18
22
15
16
27
17
17
24
25
20
15
15
16
18
16
17
18
16
17
19
17
15
31
34
17
21
19
17
18
19
18
21
18
14
18
22
22
20
21
18
30
19
15
19
16
20
23
17
21
20
18
24
34
14
18
18
15
17
18
36
18
22
21
14
16
17
23
24
13
17
23
17
19
20
19
15
17
18
15
16
18
28
22
19
24
19
20
23
20
18
16
20
21
17
20
23
26
16
17
21
24
22
16
23
21
17
23
16
19
16
18
22
20
18
18
22
18
18
21
22
20
24
16
20
24
19
23
18
22
21
18
15
25
15
21
19
15
15
21
17
20
15
18
22
19
20
24
23
16
22
15
13
19
22
17
22
19
23
19
23
19
17
16
20
19
23
19
14
22
18
16
24
21
22
23
23
32
19
25
17
16
25
20
20
16
16
22
20
27
31
17
23
20
20
21
21
14
22
21
28
30
24
27
28
15
26
17
16
28
25
25
19
19
29
53
25
34
59
37
39
45
80
57
40
44
64
25
43
63
37
29
24
53
51
35
36
22
33
33
37
20
26
22
21
24
31
23
29
26
24
18
17
18
24
31
16
26
19
15
22
17
22
17
22
19
20
21
20
17
22
26
24
18
17
21
23
19
17
20
19
17
16
21
23
17
16
18
17
19
16
22
24
24
20
24
19
25
29
51
21
34
25
32
29
19
24
23
20
16
23
21
26
18
35
20
18
18
23
14
20
27
33
25
22
15
23
17
19
21
22
24
20
24
21
18
16
15
23
18
17
17
29
22
17
15
19
18
22
19
24
35
20
17
15
21
26
22
26
17
20
25
27
26
36
39
35
24
34
21
21
23
27
20
24
19
22
23
28
19
32
18
17
18
26
15
17
20
21
27
22
23
14
25
19
18
20
20
20
15
22
15
86
23
20
21
77
23
28
26
17
19
21
20
16
16
19
18
18
25
18
16
17
19
19
17
16
19
27
18
15
20
16
17
22
18
16
20
21
18
26
18
15
17
28
28
18
17
22
21
16
22
17
23
19
19
23
33
22
24
20
16
17
16
17
21
19
18
21
19
23
16
17
18
21
16
21
34
18
22
18
15
17
15
28
19
16
19
25
25
21
20
21
18
21
21
21
22
18
19
16
18
17
15
17
21
19
20
21
18
20
15
14
21
17
18
20
14
24
20
16
15
17
21
20
17
16
20
20
23
22
25
20
20
21
14
17
16
20
23
20
22
16
24
20
18
14
20
18
22
21
16
19
16
19
20
15
18
18
15
16
14
15
18
15
13
17
22
17
25
22
26
15
25
17
18
20
25
21
31
29
18
17
24
20
22
32
19
20
23
16
15
24
24
21
19
19
17
22
27
18
14
19
18
19
18
17
15
19
18
14
20
22
20
20
17
15
14
15
15
18
22
20
23
19
15
21
29
27
21
15
24
16
14
15
19
16
15
21
21
19
19
19
22
15
23
13
16
16
16
19
17
22
22
18
16
19
21
18
16
17
19
14
21
20
16
18
17
19
22
23
17
21
20
14
22
22
17
16
19
26
16
15
16
15
17
19
16
21
16
18
18
15
20
17
17
23
22
15
15
16
15
17
18
21
16
19
30
16
17
14
17
16
15
18
20
21
14
16
20
16
18
20
22
17
16
18
15
14
15
22
16
19
18
16
21
31
27
24
17
17
18
24
16
17
18
17
17
21
18
18
23
18
17
21
23
20
18
17
14
18
25
26
18
17
15
16
18
18
20
20
16
55
29
31
39
27
21
18
18
20
19
18
16
21
14
24
22
30
18
17
28
28
17
16
20
18
16
24
23
25
17
22
19
18
18
23
15
17
15
15
17
17
25
19
22
18
18
19
23
17
22
19
18
14
17
17
48
19
22
69
22
20
19
16
22
18
22
22
18
21
29
20
17
25
26
26
40
27
35
40
39
41
38
50
49
49
54
26
29
29
47
55
29
22
20
33
19
22
27
29
21
22
29
28
23
21
16
24
20
26
24
39
18
23
24
23
20
21
19
20
35
31
26
30
34
20
18
18
19
25
17
18
17
16
17
16
18
15
17
15
28
28
23
30
21
15
17
17
17
15
22
21
16
15
18
19
19
20
16
12
15
25
17
18
14
22
17
21
16
18
24
17
17
27
21
33
20
50
46
46
43
33
17
18
20
36
38
20
25
15
26
26
33
41
22
20
30
70
57
26
26
39
29
47
62
41
34
32
26
48
24
23
22
32
29
21
37
25
18
20
20
43
19
30
23
18
32
53
18
19
21
24
23
25
17
27
23
20
30
19
20
19
16
17
22
19
14
24
23
31
18
16
28
25
20
22
29
18
25
38
27
20
22
28
21
26
20
18
13
20
34
21
18
19
25
26
20
20
34
17
31
16
23
17
17
34
18
22
31
16
22
19
19
27
26
29
19
22
16
25
31
19
21
17
33
22
18
28
20
23
15
22
63
21
27
16
19
21
29
27
18
15
22
26
35
23
24
21
25
25
23
26
25
34
30
22
34
32
28
23
29
21
23
30
31
21
26
20
16
24
85
25
18
33
38
22
24
31
30
22
17
43
18
24
26
37
55
36
36
20
52
41
38
24
14
19
16
18
16
26
22
17
27
25
17
19
23
32
17
20
34
26
20
22
18
24
14
29
25
25
30
21
17
24
25
19
28
20
28
20
21
21
17
16
21
27
18
26
32
24
21
20
16
20
16
19
17
36
20
18
20
22
18
20
26
54
26
59
30
29
37
40
24
29
34
41
40
75
49
66
72
53
59
43
68
51
34
60
25
29
37
31
27
29
27
31
39
33
30
31
35
32
23
26
28
36
36
30
29
32
38
26
40
31
38
28
23
30
32
38
33
32
29
142
25
40
114
63
24
26
33
33
34
39
67
50
72
49
99
55
43
55
59
73
66
72
62
37
82
45
59
50
32
28
30
26
15
36
24
44
41
35
30
37
35
28
24
22
25
29
49
35
28
31
61
61
26
20
24
28
31
26
35
27
30
33
25
35
33
31
27
28
30
21
25
33
31
22
30
37
28
39
32
44
27
34
61
21
31
35
29
29
44
49
70
86
96
99
92
199
73
81
43
51
45
74
70
52
43
29
53
40
157
91
62
106
43
57
56
110
56
65
55
44
92
79
55
35
60
53
38
41
40
44
37
82
65
42
68
92
87
64
34
42
23
59
60
55
58
73
29
71
109
19
42
48
45
32
125
62
22
21
23
43
86
146
30
85
66
52
54
36
62
74
98
71
22
58
100
98
18
55
79
27
57
31
53
51
103
29
42
44
49
44
82
76
52
85
30
97
49
47
38
35
28
78
40
39
33
32
33
29
34
29
37
51
33
31
32
33
30
30
38
37
30
46
26
35
18
30
29
30
36
25
31
35
24
39
33
30
38
34
29
22
29
38
30
33
31
48
38
34
32
29
23
32
35
36
27
35
43
28
21
31
25
65
25
39
41
43
82
40
71
23
31
18
25
29
35
22
26
37
26
28
37
27
26
33
49
23
30
28
28
27
45
30
22
23
22
41
38
29
24
26
25
32
29
29
34
28
53
35
54
38
135
58
70
47
29
37
27
29
34
28
30
32
36
30
32
29
38
31
43
40
34
33
18
39
28
36
27
46
24
39
19
27
34
35
37
44
53
26
36
39
33
23
36
43
31
29
29
37
30
21
34
28
28
30
35
34
31
25
30
30
29
30
36
30
42
29
28
26
40
22
20
26
28
32
37
38
31
24
27
40
39
25
43
22
17
36
32
24
36
41
35
26
35
35
44
29
29
29
24
39
13
35
29
37
21
30
39
50
39
23
23
24
29
26
33
37
46
28
41
23
33
27
25
31
32
39
25
31
32
47
113
16
50
52
121
35
78
93
38
34
61
73
58
106
184
90
66
54
75
99
88
87
69
48
97
85
178
81
49
41
32
21
29
40
37
41
44
28
43
31
27
26
27
33
23
28
29
35
27
33
26
31
39
35
35
39
41
27
26
47
31
34
42
26
32
32
38
33
43
24
22
36
18
18
24
30
27
29
26
35
32
27
34
36
26
22
30
29
41
32
31
39
66
88
46
78
33
52
53
69
96
92
73
67
73
51
34
34
29
34
24
30
17
34
23
30
18
39
21
26
44
37
28
27
33
35
34
31
29
34
29
36
35
32
46
41
28
35
35
30
53
32
28
46
25
34
37
32
35
39
35
24
25
35
33
26
28
35
30
32
26
28
21
28
40
37
142
24
29
36
31
134
35
35
37
33
30
33
39
29
40
34
20
33
33
30
42
32
40
32
27
36
35
30
36
29
29
38
33
36
24
52
33
24
36
38
23
36
37
27
20
45
29
37
28
51
45
30
35
29
29
31
43
37
95
49
75
46
56
73
43
49
51
49
59
33
29
30
33
34
28
25
38
52
34
36
27
52
36
40
37
28
48
30
34
21
34
25
23
38
32
35
33
35
28
34
34
40
36
33
25
33
31
20
36
40
32
31
33
30
34
45
40
21
23
26
40
28
28
30
48
38
35
34
29
34
27
38
33
33
26
23
37
46
55
40
36
37
39
47
36
25
30
34
32
32
22
28
26
29
32
29
41
53
30
26
51
30
35
33
37
31
29
43
25
38
30
23
28
29
39
32
55
30
32
38
24
38
30
51
61
38
40
42
49
60
29
28
27
28
28
32
31
24
28
29
43
36
41
34
22
41
28
19
38
38
40
48
22
31
19
40
27
35
26
29
24
30
37
29
24
42
36
46
41
75
76
70
117
86
166
49
41
66
45
74
33
44
29
36
57
28
56
75
115
42
54
37
80
47
30
47
45
58
25
31
48
44
33
23
28
25
28
24
37
29
29
34
33
33
26
30
28
28
42
25
26
40
27
31
31
41
54
39
30
133
45
92
107
34
42
53
61
54
38
68
55
39
44
45
40
31
29
36
33
31
26
36
24
30
30
36
26
34
26
30
43
32
40
29
53
33
14
36
48
27
29
36
28
37
30
29
31
41
25
40
39
31
36
32
27
24
46
24
18
22
29
27
36
36
36
23
40
31
31
39
31
25
28
38
33
29
34
20
29
22
31
26
49
33
36
28
30
43
38
33
70
35
29
25
21
26
19
17
25
24
31
25
17
20
28
19
22
28
22
25
27
21
28
30
31
31
24
28
27
16
26
28
20
22
20
25
18
23
17
33
24
18
34
19
19
17
29
33
23
31
26
25
39
53
31
26
27
33
30
38
32
40
26
31
50
53
35
37
23
23
34
19
24
20
17
18
25
22
21
34
27
29
32
20
24
34
27
40
18
24
25
36
24
20
22
29
24
21
14
23
24
31
20
27
22
24
22
17
21
20
17
20
27
25
24
24
30
24
26
22
24
32
28
28
28
22
25
18
18
26
23
27
21
23
20
16
24
34
22
27
26
21
23
33
24
28
26
20
22
17
27
37
17
19
40
42
26
26
32
18
32
26
21
30
16
30
27
32
21
17
24
34
28
26
21
20
22
22
27
25
22
25
21
19
21
25
21
27
19
21
26
21
20
18
26
24
26
27
25
46
16
34
28
22
29
140
14
36
34
110
24
20
21
23
28
66
27
31
34
39
41
33
34
31
27
24
33
33
25
21
19
20
24
35
28
19
24
20
21
25
23
23
24
28
22
25
19
27
25
25
33
26
22
29
23
20
19
23
27
30
15
25
22
24
22
24
25
22
27
28
23
22
22
33
33
20
22
23
20
21
18
32
26
21
22
26
25
40
36
27
26
28
29
18
21
21
27
32
22
24
23
28
21
22
27
18
28
21
32
20
24
23
30
25
33
24
19
22
28
27
24
34
22
18
25
20
20
17
19
26
22
38
25
32
17
26
32
17
47
27
32
78
33
58
49
56
55
65
74
56
77
84
53
43
28
29
38
60
27
45
28
31
33
37
44
51
53
49
35
36
37
40
76
31
48
30
36
37
39
38
26
21
27
79
22
27
28
53
36
24
19
41
20
21
29
35
32
25
42
17
38
38
19
16
19
26
22
23
22
27
22
30
19
23
28
30
32
25
19
22
19
28
19
22
18
22
20
23
22
24
17
24
27
22
28
30
28
39
22
23
19
27
26
31
33
22
22
25
48
35
28
40
31
25
20
20
21
22
41
34
26
27
29
32
22
18
17
16
23
24
23
19
28
24
25
28
23
25
27
15
29
21
23
23
33
31
19
39
28
21
17
27
28
22
21
24
28
21
22
23
29
33
16
16
21
14
27
33
25
20
16
16
27
87
23
39
21
25
22
28
20
19
19
22
26
34
21
24
29
31
21
21
25
24
17
21
29
29
22
19
19
28
24
33
24
22
28
15
21
26
26
21
19
15
18
21
15
29
20
17
17
16
16
17
20
19
13
16
20
33
18
29
23
19
17
19
22
19
15
20
18
16
16
16
16
20
24
25
23
16
22
18
19
17
22
24
21
17
16
16
18
15
20
26
33
23
19
16
25
22
15
17
18
14
22
22
22
21
22
16
18
20
23
16
15
17
21
24
15
16
19
14
19
18
17
17
21
18
20
24
25
18
22
24
16
16
16
14
16
21
23
14
21
14
16
19
19
16
16
16
20
24
22
25
17
25
26
21
17
17
20
27
23
27
22
18
29
17
21
24
15
15
20
16
22
18
18
22
17
16
20
18
20
16
22
25
16
15
21
25
17
17
20
27
26
16
16
18
19
18
17
20
16
16
20
19
19
23
19
22
19
16
23
20
15
14
15
19
17
26
20
17
18
19
14
26
17
16
21
27
32
31
17
21
22
18
18
35
19
22
16
28
19
16
20
24
19
14
15
14
21
14
19
20
15
13
17
18
22
23
26
17
29
20
25
14
17
19
15
18
22
16
23
16
16
19
21
21
20
17
24
19
27
19
22
19
19
18
17
18
19
23
33
21
18
19
18
20
20
16
15
15
16
24
16
16
25
22
17
18
15
16
23
17
24
27
18
19
24
26
17
25
18
21
17
19
17
18
16
17
14
19
15
17
23
15
16
27
23
20
21
32
18
19
34
24
24
17
23
20
22
14
15
20
16
14
17
20
16
16
15
18
18
21
18
16
23
22
17
27
27
17
24
25
20
19
17
19
17
25
18
24
27
29
20
20
25
21
19
23
32
20
16
15
17
14
19
24
26
23
21
18
27
19
18
16
18
15
22
21
18
15
17
17
22
18
29
18
17
19
18
20
21
18
19
22
22
23
22
20
17
21
20
15
18
28
32
60
30
30
52
34
24
23
23
27
21
18
32
24
16
24
30
18
18
19
20
20
15
14
22
13
18
21
21
22
18
17
17
21
21
16
19
20
15
17
14
18
16
18
18
16
24
24
35
45
49
38
46
45
49
53
46
54
28
40
25
30
26
50
49
31
37
46
45
34
43
28
68
29
24
33
22
31
26
25
35
25
28
26
21
33
18
21
22
17
17
20
31
19
21
16
20
17
24
20
22
19
18
20
17
17
16
23
20
18
18
19
22
17
17
24
18
18
13
34
20
24
21
13
22
27
15
18
19
16
15
15
13
17
15
15
16
14
16
27
16
20
39
24
18
24
16
17
17
23
27
18
24
14
24
17
22
18
16
15
17
17
29
25
20
19
29
21
25
15
16
21
19
23
21
23
20
22
22
17
39
22
29
28
33
24
42
21
17
21
20
23
20
22
21
19
22
20
23
17
23
20
24
17
19
15
15
16
23
14
16
18
17
18
15
20
15
21
19
19
18
27
21
18
18
18
18
28
24
17
20
19
20
22
17
18
16
18
19
30
26
24
17
17
15
17
24
31
20
21
20
15
22
19
22
20
24
17
21
17
23
15
16
17
17
18
22
16
18
21
23
16
21
18
17
21
17
25
19
16
15
22
23
18
20
19
20
14
18
23
18
15
16
28
19
23
20
18
21
21
28
22
20
24
18
18
16
19
18
21
19
20
14
16
18
19
14
17
31
15
17
16
24
25
20
19
14
15
21
19
20
19
22
17
21
26
23
20
21
22
18
30
23
14
20
17
22
19
17
20
17
17
16
18
21
19
16
27
19
19
17
19
19
16
17
14
14
16
16
18
16
18
158
34
22
19
23
20
22
18
14
16
18
20
26
22
16
28
14
27
24
45
17
32
22
22
34
26
20
19
17
26
23
29
21
15
26
17
15
18
23
16
21
13
20
22
16
20
18
25
18
24
18
18
30
19
15
17
160
23
26
18
15
16
17
24
17
17
19
11
20
18
17
22
23
17
18
17
20
25
19
22
22
15
13
18
18
15
13
17
17
21
15
16
16
17
19
17
19
17
20
19
30
17
17
17
16
22
20
15
14
17
25
18
14
18
17
16
14
16
22
29
20
16
16
24
18
18
21
18
18
15
17
15
18
21
15
21
18
16
15
23
17
15
18
16
25
17
17
15
15
18
12
17
17
20
27
17
22
22
20
14
20
25
22
20
23
23
17
25
21
24
19
18
24
19
29
17
18
16
14
23
17
17
21
20
19
18
16
20
21
21
15
21
18
22
22
22
14
20
21
14
15
16
14
17
18
22
19
16
18
15
15
15
15
16
19
19
16
16
26
15
18
13
16
30
31
20
18
28
19
19
32
18
16
17
22
16
27
16
16
15
15
27
16
24
33
21
21
19
24
28
19
17
14
20
17
17
20
14
18
16
23
14
23
21
22
22
17
20
20
20
21
35
22
19
18
25
19
18
16
20
17
17
15
18
14
22
21
19
18
23
15
17
14
25
21
18
18
20
15
22
19
14
16
18
16
15
19
23
22
26
31
17
17
21
28
38
48
56
55
64
55
45
44
30
27
27
30
59
48
41
34
26
31
32
35
61
29
25
28
31
24
87
26
44
37
25
17
32
24
20
17
18
35
19
18
20
26
25
20
20
16
20
18
17
14
17
19
18
18
27
19
13
19
18
22
18
16
17
18
18
18
18
17
22
16
16
28
14
14
13
21
18
19
15
26
17
21
26
16
17
20
15
18
18
16
20
19
17
15
18
20
24
15
37
26
27
25
21
30
23
27
31
32
27
20
21
25
36
22
26
29
18
18
18
28
25
21
21
25
20
22
22
17
20
36
28
14
16
20
17
25
18
18
15
18
23
18
20
23
22
20
16
28
36
18
20
28
17
17
18
18
15
27
17
24
23
21
14
21
23
22
18
18
16
16
19
22
14
16
52
30
16
16
22
26
20
34
18
23
19
15
18
15
17
16
17
16
22
19
17
19
19
21
16
19
17
18
19
23
15
24
24
26
23
18
18
18
23
13
18
15
28
19
23
20
20
20
16
18
18
19
20
21
19
16
16
16
19
20
20
22
18
22
20
16
17
23
18
22
18
20
27
17
22
21
15
22
15
23
18
22
22
20
23
17
17
22
21
16
18
14
26
17
15
25
15
19
17
17
16
28
26
17
15
16
19
20
21
17
15
23
16
16
17
16
17
17
24
18
18
17
16
24
15
22
15
17
15
37
25
17
16
31
31
24
21
20
15
16
19
26
19
20
22
30
20
18
20
20
14
17
20
17
16
24
21
23
27
19
16
19
28
23
16
25
17
27
17
14
15
15
23
19
21
19
15
16
17
29
15
18
18
21
18
19
15
17
22
22
23
19
17
19
15
14
18
19
22
28
20
20
18
16
15
15
16
18
16
26
19
17
15
18
22
17
18
18
25
26
18
17
22
17
19
19
23
22
18
16
20
31
23
18
17
16
16
21
18
19
16
18
19
15
16
14
20
18
20
28
22
25
23
16
17
20
18
18
14
17
21
31
18
18
20
14
20
17
19
24
23
15
18
22
15
18
17
25
21
19
27
18
16
18
21
16
16
18
17
17
17
16
15
19
14
16
15
18
18
15
16
20
32
19
22
21
16
24
17
18
17
23
16
16
20
19
18
21
15
14
16
16
18
20
21
17
14
14
22
17
28
15
21
20
25
20
21
19
18
15
15
18
15
15
18
14
25
44
17
22
19
28
29
21
24
22
30
17
19
21
19
22
18
19
15
17
14
18
19
18
22
28
22
16
15
17
19
28
27
20
17
16
20
19
24
19
21
15
17
21
21
18
18
27
21
20
25
22
30
18
20
22
20
19
17
18
22
30
17
16
18
24
16
18
31
22
23
27
25
15
14
32
17
15
16
19
18
17
16
71
20
22
17
34
25
24
20
17
20
27
15
15
17
15
49
25
22
49
20
19
20
19
20
22
23
16
15
23
17
16
20
17
18
21
16
26
17
15
20
21
15
13
17
17
27
17
23
23
16
17
26
21
17
20
22
23
19
30
22
19
28
20
19
21
19
21
22
32
19
19
23
25
28
33
37
35
62
38
49
47
48
37
44
50
30
28
33
35
55
55
31
26
44
27
20
32
36
17
21
20
22
23
42
46
33
24
49
41
37
33
33
21
23
23
35
28
21
34
17
31
16
17
15
20
25
17
20
22
16
17
19
15
17
24
16
16
17
16
12
17
21
18
20
14
16
20
25
16
20
21
26
21
16
14
14
15
17
23
18
23
30
19
17
18
17
21
17
18
22
17
22
16
17
18
16
17
23
17
18
15
29
23
17
27
21
18
24
19
23
22
14
18
22
16
21
16
16
22
17
17
17
15
16
21
22
22
20
24
22
14
15
15
17
17
20
17
15
14
17
20
17
21
28
17
36
31
24
17
20
18
18
15
17
22
15
15
25
26
20
23
22
18
21
16
18
15
15
17
18
16
14
30
19
16
19
21
15
20
23
15
18
27
29
25
16
16
18
14
16
17
18
24
22
16
28
18
14
21
18
17
26
16
18
24
26
18
20
20
16
16
17
22
17
14
26
20
14
15
22
18
19
16
25
27
18
17
16
16
18
32
32
18
27
29
18
20
31
31
30
22
17
27
17
27
15
16
15
15
15
15
27
22
18
24
21
17
21
28
17
16
23
27
21
16
18
29
18
15
15
15
17
17
23
25
18
33
24
18
22
24
19
21
19
20
19
18
23
21
22
16
19
26
23
17
20
16
25
20
16
20
21
15
19
23
24
20
18
19
18
15
19
23
19
33
18
16
17
18
17
27
15
23
16
20
16
18
20
17
16
29
24
17
17
13
21
19
22
18
15
14
18
20
26
21
15
188
23
18
19
24
25
22
27
17
18
19
16
19
18
23
20
19
18
20
15
19
14
18
20
18
16
30
20
18
18
25
31
20
23
18
21
17
19
21
16
14
21
16
25
20
23
23
16
27
21
18
17
17
15
22
28
19
20
15
15
28
17
18
20
27
15
15
18
28
24
16
19
16
17
25
18
19
18
25
21
17
17
23
17
16
17
17
27
23
24
27
21
29
21
15
18
15
20
17
18
27
18
25
22
22
19
15
18
28
20
19
17
17
16
17
22
25
21
18
19
20
19
19
17
20
21
19
16
20
17
20
16
18
18
18
24
22
28
17
16
33
28
18
17
19
24
25
21
17
14
26
18
19
20
19
23
22
20
16
17
18
18
21
16
18
23
21
20
15
24
19
21
28
16
18
27
18
17
20
14
18
16
15
15
16
17
13
16
20
19
21
17
20
22
27
20
16
15
15
16
23
21
19
17
17
14
14
21
14
17
26
14
26
20
17
25
21
21
19
19
17
14
19
15
15
23
15
19
15
18
15
15
18
17
15
15
17
19
13
14
16
21
19
24
16
17
21
27
16
23
13
20
26
22
16
22
19
21
16
17
24
21
17
16
18
17
18
15
18
17
14
17
17
18
17
15
17
28
17
16
16
20
15
14
20
20
22
32
15
23
22
15
27
30
38
64
197
126
30
34
69
129
41
36
35
59
61
128
35
62
157
85
68
135
60
41
79
71
46
72
61
22
37
65
28
54
62
22
29
19
68
28
25
68
18
27
16
19
15
55
21
53
23
19
20
34
16
39
33
26
67
30
60
49
19
26
54
113
28
25
34
27
29
58
78
43
26
25
21
87
31
55
22
65
50
27
42
26
25
53
30
46
36
25
38
26
53
22
37
27
64
77
22
129
103
48
21
36
32
42
22
78
29
25
47
74
23
76
42
51
39
42
37
29
28
20
21
33
24
27
29
20
20
20
25
19
22
14
26
85
22
43
74
26
36
23
15
23
28
21
15
17
17
19
21
24
19
17
25
22
23
20
21
26
18
26
28
23
16
17
36
32
35
38
28
23
37
25
29
42
37
44
29
59
63
53
56
68
46
48
48
47
61
55
43
48
30
27
34
37
28
28
33
29
24
38
29
33
23
30
39
24
28
33
29
37
51
38
46
35
34
29
31
47
21
32
31
37
39
78
79
84
50
76
118
101
57
39
24
34
141
115
35
54
39
41
37
28
33
30
21
30
25
19
22
20
22
27
31
18
23
24
33
29
37
31
56
41
49
46
46
59
48
29
39
36
41
28
43
35
60
54
32
22
24
26
42
32
33
39
28
25
31
29
33
30
24
18
30
27
26
27
32
45
33
24
32
30
17
33
36
20
38
27
39
46
34
30
28
30
21
37
33
30
33
39
30
40
31
25
29
36
35
25
27
29
41
37
26
27
24
38
27
29
43
36
39
29
34
50
78
36
38
53
56
54
29
27
36
37
26
28
25
38
27
25
37
29
41
26
32
33
22
33
36
28
35
26
36
49
30
37
29
16
32
31
34
32
39
47
29
34
26
35
45
46
63
108
109
85
62
186
27
25
75
53
31
61
77
44
59
78
54
76
43
50
46
48
50
97
52
62
32
40
31
59
50
42
40
49
32
40
35
56
21
34
20
27
32
30
36
22
46
35
19
28
23
28
39
25
32
38
31
22
28
31
29
42
25
68
54
50
41
39
36
69
34
30
38
45
77
43
52
40
29
43
78
40
34
105
45
42
42
27
31
35
35
25
23
14
26
34
27
29
21
29
30
29
32
14
36
32
23
32
34
37
30
37
33
26
26
37
26
48
31
23
34
34
34
24
18
57
44
22
29
24
26
36
25
35
23
30
38
40
32
16
27
38
28
37
38
44
33
28
25
44
33
44
38
23
23
26
23
23
22
44
34
41
36
34
30
45
59
34
36
37
68
40
39
26
30
41
43
41
29
30
31
37
33
37
28
29
29
26
31
36
29
98
37
47
36
36
38
27
27
26
24
28
33
34
32
23
27
51
22
27
18
30
28
31
30
33
28
51
29
26
27
26
46
36
30
29
30
32
28
35
25
33
30
28
30
34
28
39
29
35
27
22
25
30
49
21
61
32
31
24
34
34
30
30
50
35
41
36
30
29
31
27
34
47
34
33
34
35
36
26
24
34
23
28
32
28
28
31
23
28
41
25
22
32
25
31
35
33
38
27
31
31
29
22
27
33
28
26
33
43
29
29
26
31
36
27
29
34
27
15
28
29
33
37
30
24
28
29
31
27
40
31
23
31
30
36
39
32
24
43
29
35
85
37
32
57
73
21
43
49
46
58
29
27
45
26
51
32
21
35
29
33
36
24
36
26
41
31
20
27
35
36
31
35
35
29
33
28
24
30
26
32
41
26
85
41
13
16
39
17
21
66
26
38
39
23
34
47
28
40
29
28
38
32
29
32
33
38
21
27
30
31
31
32
39
29
26
29
33
39
22
25
31
26
39
23
30
32
32
28
61
26
22
40
29
26
26
32
33
22
23
24
45
28
29
45
35
22
36
28
27
32
29
17
25
28
28
29
26
25
33
37
27
35
37
63
58
62
113
112
160
189
110
53
76
47
52
61
60
54
54
41
53
55
51
73
65
61
40
25
31
37
30
43
56
19
34
43
30
29
64
24
30
43
23
38
31
25
29
28
33
31
45
29
26
38
30
35
26
35
28
32
28
42
28
29
21
33
28
28
30
45
32
22
33
30
42
50
43
44
27
31
31
26
25
49
36
33
28
33
32
34
36
30
35
35
33
38
25
24
29
30
26
34
23
34
35
31
32
21
36
32
35
26
26
32
28
33
33
29
37
37
29
33
27
31
30
27
30
34
27
35
50
57
49
64
57
74
46
41
36
34
51
54
40
41
39
40
49
60
44
25
23
29
28
29
28
39
30
40
28
41
27
28
35
30
25
25
36
29
53
41
16
28
30
31
24
34
28
22
30
29
35
38
28
37
25
33
35
31
27
32
46
38
33
26
30
28
33
39
27
47
42
28
23
49
22
28
36
29
32
20
27
27
32
24
29
33
29
34
20
36
31
37
30
141
33
41
53
25
32
31
31
31
34
33
30
46
26
33
38
26
32
32
33
33
28
38
24
32
22
29
29
58
30
23
34
33
30
46
66
84
64
29
19
35
36
60
30
26
26
26
22
34
30
36
37
26
34
34
28
24
23
36
37
29
33
33
28
25
29
40
36
26
26
40
34
46
23
42
24
31
23
40
36
34
34
31
28
44
31
37
57
56
33
36
26
46
31
34
29
28
50
23
39
122
30
36
33
97
20
27
31
23
32
37
29
28
19
27
28
31
33
32
27
38
33
35
30
31
23
24
29
41
20
41
31
21
39
37
33
26
35
24
29
29
35
31
26
36
28
31
35
33
35
25
42
23
39
35
32
26
30
33
37
30
39
30
23
28
39
28
40
50
41
48
39
38
37
38
27
45
32
36
46
54
84
36
28
130
32
177
44
89
49
106
63
73
88
76
41
38
33
60
42
48
44
57
58
30
46
30
26
26
43
33
38
34
19
24
48
24
34
27
27
29
25
30
45
29
25
31
17
26
37
31
26
23
45
29
26
39
30
33
32
39
58
27
22
29
33
31
29
30
25
22
26
28
23
28
25
34
29
44
30
22
43
42
38
14
26
24
32
27
24
22
23
22
21
18
25
18
26
28
24
16
18
20
32
25
29
25
24
19
24
23
47
40
29
42
34
27
41
27
15
21
26
22
107
31
25
25
74
38
37
32
25
18
17
24
25
21
24
31
27
28
29
17
29
17
25
46
27
30
21
17
15
23
18
24
26
16
19
31
25
33
16
21
21
25
18
17
26
20
17
26
22
18
20
24
24
27
24
22
29
19
24
26
24
21
17
15
24
18
20
17
20
24
27
25
26
24
26
21
28
32
24
19
23
29
18
33
23
21
29
24
28
25
36
28
32
16
21
28
29
20
17
27
26
16
21
17
24
24
20
17
21
19
28
19
20
16
27
23
23
22
35
23
21
23
23
20
25
30
25
19
28
30
18
22
33
27
19
24
19
28
25
19
20
17
22
33
17
26
24
21
33
25
27
25
13
23
27
23
21
23
22
29
22
25
25
35
28
42
25
28
34
23
32
31
28
25
32
35
31
35
47
51
21
27
25
27
26
53
24
24
27
30
30
32
29
19
29
40
22
26
22
28
25
21
24
21
21
26
31
19
23
25
20
20
28
25
20
18
19
17
20
22
24
29
20
23
24
31
31
25
28
31
25
26
21
25
28
22
25
24
27
21
23
28
22
24
22
22
21
25
20
17
20
23
31
21
24
26
28
23
22
28
18
27
27
29
19
17
15
24
21
20
29
33
16
29
25
18
22
26
23
28
21
22
22
24
23
18
18
21
65
23
24
31
46
28
33
26
27
24
20
22
30
21
21
34
18
25
21
33
18
18
18
23
25
16
24
23
20
31
26
16
32
23
17
29
29
19
23
22
22
26
25
25
15
30
44
24
20
38
21
34
38
27
21
22
30
25
38
22
22
23
32
17
20
21
30
34
18
19
20
19
23
26
32
33
33
46
31
19
27
23
18
18
24
24
20
15
23
24
16
16
30
21
32
22
21
14
25
24
22
22
22
30
48
38
45
65
59
41
45
63
66
77
36
52
50
35
33
43
70
28
46
47
42
50
42
34
29
29
42
36
30
45
27
34
40
25
16
18
22
19
29
18
19
31
24
21
26
25
20
20
29
29
21
19
31
27
21
19
16
26
24
26
33
29
28
29
19
22
36
24
26
18
26
25
25
20
16
22
27
15
26
29
38
24
36
32
41
23
29
18
21
16
23
24
38
28
17
27
45
53
28
42
48
29
32
57
39
47
23
26
26
24
33
38
22
27
25
21
20
23
19
25
31
32
20
31
32
22
21
28
24
24
26
19
24
17
24
24
23
21
27
19
24
33
22
20
23
27
30
33
28
18
25
21
18
19
25
29
27
25
29
31
22
18
17
19
18
28
17
24
20
24
17
29
36
25
22
24
19
26
31
20
27
29
22
20
28
128
27
24
52
24
32
25
16
20
19
22
25
38
28
25
28
33
18
18
22
16
19
22
23
22
19
32
27
28
18
18
23
25
24
26
27
22
33
31
34
31
33
33
30
28
19
26
30
32
37
21
31
39
27
23
28
22
20
17
23
28
26
20
23
23
22
35
22
16
21
22
30
16
15
21
22
58
32
19
36
28
23
69
28
32
40
34
19
25
29
27
32
21
19
26
28
26
21
26
24
20
27
22
17
20
31
19
17
21
13
30
20
20
33
25
31
24
25
34
26
42
33
21
20
24
20
21
23
23
21
35
24
21
25
20
22
27
22
37
16
25
20
41
46
23
14
24
19
21
25
27
26
28
18
21
61
43
22
28
54
29
18
27
20
22
26
22
16
24
16
18
25
28
37
19
26
20
27
23
27
23
27
26
26
22
18
16
18
28
22
21
24
25
28
31
24
23
19
22
24
21
18
23
24
24
22
24
20
26
27
21
21
27
18
26
15
21
34
33
20
18
24
24
21
22
19
25
22
24
31
43
21
17
23
26
18
31
29
22
20
18
24
29
24
32
27
34
37
29
27
27
37
29
34
34
30
36
28
30
27
35
31
37
29
34
21
23
23
23
24
19
16
17
27
14
18
26
23
35
24
16
24
29
35
17
24
22
35
19
57
21
27
44
24
80
25
32
33
22
22
20
25
29
23
14
21
29
26
25
33
23
19
24
21
27
25
24
23
23
23
30
23
19
31
34
25
29
29
28
18
23
25
19
32
18
18
23
24
27
23
26
23
24
29
22
27
21
26
23
19
20
16
17
18
35
18
19
26
33
31
18
25
22
40
49
45
56
36
52
45
72
71
65
77
47
45
58
27
33
27
33
38
27
67
42
27
47
29
47
18
36
40
40
32
40
39
51
51
35
47
28
36
28
28
26
32
21
21
21
26
15
24
23
27
30
25
28
28
24
21
24
24
43
30
19
23
18
18
19
19
26
36
30
31
39
26
33
25
26
21
19
23
24
21
26
29
20
24
44
17
20
21
40
25
21
49
31
26
32
28
29
22
19
20
25
30
25
21
14
26
24
25
23
22
24
16
20
22
28
20
26
22
19
15
19
30
21
27
23
24
20
22
18
22
24
21
31
22
25
25
26
21
24
23
20
26
40
27
22
22
18
24
25
20
27
42
25
23
33
17
32
29
17
28
27
18
16
19
18
20
23
16
17
28
21
21
29
23
19
17
23
21
23
27
28
26
20
27
18
24
23
21
21
25
29
22
18
28
28
24
19
16
23
19
23
21
27
25
23
28
26
37
39
38
21
29
31
122
41
34
78
39
30
33
21
25
26
24
18
26
27
24
20
15
27
27
26
18
22
17
21
21
25
25
42
31
20
21
23
29
19
21
26
18
23
16
24
19
20
21
32
22
21
24
37
30
30
31
24
16
25
28
32
21
22
22
33
30
32
19
28
37
21
22
20
24
19
24
23
37
23
15
21
21
28
16
26
22
27
24
26
29
26
30
29
38
21
20
29
21
33
21
24
20
24
30
27
29
27
26
21
26
42
22
32
34
27
22
26
23
26
15
26
22
17
34
23
26
23
19
18
21
29
16
21
28
22
24
38
17
29
27
23
21
16
33
23
23
22
33
18
16
25
21
23
33
29
22
38
19
23
29
33
19
26
26
26
39
27
31
30
29
25
24
23
30
22
16
22
23
30
34
30
32
16
30
18
23
27
23
14
39
27
21
22
20
20
18
22
25
17
27
20
33
18
25
19
31
24
16
21
26
29
30
28
40
28
25
17
18
21
37
24
22
31
22
13
22
22
28
15
17
25
19
18
17
14
32
19
22
45
17
20
23
22
25
20
20
24
18
24
25
24
22
23
33
24
18
19
17
17
26
14
24
27
24
27
31
24
20
25
17
33
17
24
20
30
31
18
36
26
29
26
18
26
41
21
22
38
17
26
23
26
22
56
30
28
25
35
85
40
24
22
32
26
19
34
24
26
27
22
31
20
25
23
31
19
30
18
21
21
23
23
18
37
46
