53
48
52
109
55
25
66
1870
23
3174
4975
105
149
112
101
116
109
102
223
96
118
184
98
94
108
153
65
90
71
82
37
25
74
71
47
36
54
28
48
32
37
37
31
36
25
27
40
27
32
33
45
28
70
22
28
43
40
25
34
36
33
28
35
36
20
32
73
28
20
44
30
37
31
36
42
36
46
31
48
42
36
34
30
305
18
26
24
33
34
54
103
67
55
41
56
63
52
63
122
48
51
38
43
46
40
42
63
49
41
66
38
24
26
79
29
33
30
20
40
30
43
36
50
36
34
25
30
27
17
42
109
63
21
19
32
18
39
82
106
40
44
36
4030
1643
60
92
35
44
50
43
76
39
36
31
33
42
32
29
34
49
43
45
33
31
32
34
47
41
41
40
34
26
27
43
37
44
32
38
57
44
29
38
42
64
27
42
42
33
35
34
37
61
22
22
1756
18
18
19
56
34
19
17
18
69
49
35
18
20
141
74
88
83
103
69
181
81
84
87
78
66
84
76
181
80
85
76
86
92
120
74
97
41
22
21
23
19
19
22
20
21
25
39
31
19
18
25
40
20
22
303
78
73
71
118
32
82
73
86
78
131
63
60
63
71
68
104
83
62
69
62
59
73
74
70
71
71
117
52
42
18
17
33
19
51
67
679
53
36
25
31
26
33
29
47
44
25
31
32
30
24
24
18
22
14
16
17
19
20
21
30
23
20
17
27
22
18
21
40
33
39
24
23
25
27
36
38
35
23
32
34
16
30
24
28
30
22
17
17
17
23
31
20
17
18
21
24
16
35
16
21
16
29
24
18
25
15
28
17
21
18
33
25
16
16
26
22
24
23
20
24
18
19
27
19
17
13
20
19
14
15
30
31
361
31
31
13
44
1868
21
41
31
38
44
111
68
79
100
68
77
66
106
62
50
94
28
19
20
24
25
21
18
18
18
25
19
25
13
19
23
17
21
22
25
23
17
23
25
1922
58
59
58
64
69
93
83
54
55
57
59
63
61
75
63
67
58
20
66
72
55
68
57
58
60
64
61
67
44
21
100
61
60
62
89
51
78
49
20
106
51
59
58
77
57
72
55
65
237
48
59
53
38
33
39
34
55
25
40
43
32
37
88
36
27
33
24
46
23
34
32
23
67
36
36
29
37
1061
31
27
113
55
60
108
57
137
173
30
47
164
158
73
37
267
26
214
28
41
143
160
110
56
58
193
220
18
36
31
41
33
16
21
17
25
30
19
26
23
26
27
28
6874
195
205
55
74
52
31
30
35
84
39
104
117
17
156
36
135
33
52
106
17
29
166
19
149
156
27
63
30
146
32
65
80
55
52
49
59
117
59
96
55
46
41
28
28
33
35
47
36
30
25
29
24
28
18
22
31
23
24
28
27
25
9118
30
37
43
27
88
1456
40
109
64
43
21
47
92
67
83
94
29
96
38
39
88
18
23
46
109
41
33
53
24
23
55
40
31
90
47
62
19
106
22
89
32
97
31
107
196
140
57
45
94
13
42
61
46
67
114
105
102
84
45
55
32
46
39
29
66
30
187
121
39
90
66
154
28
86
27
25
23
85
20
72
29
42
43
84
64
25
41
53
90
18
63
94
15
28
36
47
21
36
107
119
90
43
35
49
27
40
19
37
62
53
55
101
70
34
79
91
66
14
26
92
98
45
92
3119
54
73
39
25
16
14
149
200
35
34
37
32
29
31
25
22
54
36
26
32
19
58
55
6004
32
119
102
139
37
23
17
36
143
131
22
40
109
32
47
58
29
95
80
155
211
93
53
28
151
177
394
27
87
152
194
35
37
26
39
20
45
92
45
51
31
57
40
15
53
23
27
35
31
37
68
18
21
22
32
21
44
30
43
58
60
61
54
39
268
52
306
44
91
80
45
86
31
16
20
24
25
29
32
20
24
24
18
27
35
40
122
65
34
47
37
19
26
23
14
19
29
48
32
16
18
33
28
38
41
30
18
37
30
18
51
20
41
42
39
56
26
35
16
46
24
43
26
39
48
25
65
146
123
56
17
28
19
32
29
47
35
32
17
28
44
22
31
50
26
44
66
24
17
20
18
53
17
21
20
16
15
17
15
21
18
19
22
13
42
33
34
25
42
75
39
35
53
23
14
40
66
29
588
42
58
203
173
31
57
35
45
261
20
27
22
24
29
129
316
60
58
62
63
55
192
42
117
48
115
90
22
29
57
33
40
23
30
40
35
86
147
167
219
187
49
101
63
184
62
32
14
81
162
19
15
34
19
26
34
92
90
31
54
116
72
135
63
120
49
75
51
38
74
82
51
2809
126
55
58
64
51
17
20
18
116
160
90
155
43
43
53
39
116
22
120
33
70
49
74
39
100
64
142
121
106
28
18
283
95
103
79
63
41
17
62
39
26
93
39
50
38
32
30
128
52
34
38
43
127
43
37
43
15
65
108
55
30
21
35
25
33
40
28
24
28
27
25
29
32
31
102
325
196
30
234
28
66
232
353
42
24
46
78
48
55
60
39
73
132
37
69
75
224
47
100
18
80
117
125
17628
51
47
110
38
42
36
102
94
27
50
37
195
202
18
230
309
38
216
291
52
156
111
154
15
178
24
52
47
28
18
44
31
31
46
22
19
15
28
20
33
21
19
86
144
80
199
117
53
178
153
36
50
46
70
86
99
100
76
103
107
88
120
177
123
243
117
39
127
17
30
20
26
20
34
27
19
29
36
30
334
58
257
107
43
132
15
121
39
101
87
130
59
36
27
57
30
52
17
72
20
40
33
37
111
91
127
193
71
32
268
18
31
19
30
25
458
71
34
38
16
85
406
49
242
202
187
29
75
32
84
17
161
49
131
61
98
173
20
165
26
60
146
159
113
52
33
43
25
30
39
30
31
23
17
27
26
32
30
24
20
24
34
23
43
83
411
53
196
221
20
20
186
127
68
56
35
41
114
176
61
191
230
20
41
17
200
16
93
115
40
105
115
183
36
31
25
29
20
17
25
29
27
221
164
98
180
23
73
37
51
38
100
37
78
53
72
39
44
48
39
25
66
20
53
102
41
154
18
61
43
36
31
66
107
44
37
48
29
94
24
152
52
19
73
21
150
32
63
48
44
30
19
95
15
73
19
60
31
19
181
31
43
20
49
44
43
42
41
33
44
22
31
94
14
57
59
85
26
24
17
24
27
28
18
23
15
27
31
24
25
22
54
496
31
62
105
67
77
74
621
17
14
128
72
57
183
52
60
80
94
61
31
64
22
154
60
965
16
28
15
19
16
15
16
99
34
18
17
16
18
30
97
22
14
19
14
16
25
15
22
15
24
20
25
16
16
16
17
54
23
6995
46
41
21
15
31
24
54
40
77
313
382
67
149
17
32
290
67
37
94
97
48
47
73
22
151
106
31
21
17
17
35
22
47
51
35
226
100
39
21
72
22
58
150
50
27
38
30
18
23
17
30
28
31
21
16
31
18
270
60
36
80
33
36
73
33
17
47
170
132
42
63
59
39
112
20
215
19
94
155
77
101
52
67
19
106
81
222
77
126
30
32
32
28
77
31
23
68
45
78
55
41
47
42
54
45
31
29
17
18
18
158
26
32
67
35
41
43
24
66
22
50
34
84
24
109
38
19
50
35
37
19
58
281
79
63
58
37
76
76
86
42
228
56
46
95
49
94
25
22
107
46
68
149
96
44
25
19
36
27
57
32
35
15
24
21
18
17
18
30
16
25
37
18
19
25
171
235
77
56
29
87
174
179
89
35
65
172
151
93
17
35
68
76
41
44
13
20
103
147
48
40
320
33
34
34
20
22
187
37
47
63
58
191
22
25
55
152
23
57
130
162
199
132
47
260
51
21
66
62
23
183
23
32
150
234
210
40
53
94
56
31
47
51
96
38
20
17
16
25
29
28
35
26
43
28
31
33
43
54
2582
58
211
44
45
63
234
83
43
22
196
17
28
243
30
118
183
72
53
133
56
104
102
57
59
78
19
138
41
43
81
40
79
501
19
18
29
89
34
36
82
62
245
92
50
33
50
112
119
24
22
72
178
68
38
185
82
49
194
101
59
63
68
27
54
33
17
189
48
57
24
40
149
19
33
22
26
30
31
21
35
38
17
24
31
82
208
461
47
91
339
57
43
17
34
19
51
173
53
29
15
42
285
45
56
92
159
80
33
58
46
36
19
15
58
41
76
53
86
50
139
80
38
22
37
48
31
16
38
107
68
35
42
30
17
27
16
53
25
313
65
112
19
41
89
69
78
69
66
31
54
97
57
38
56
53
93
35
35
21
34
38
21
55
329
23
99
44
29
211
54
168
138
15
21
28
28
20
30
19
17
34
15
30
22
156
29
18
96
51
79
39
48
69
88
54
178
27
41
93
61
58
111
102
115
162
57
60
20
186
23
40
591
22
29
53
23
28
40
35
37
840
44
73
103
163
261
237
21
38
34
50
25
1207
54
82
51
53
65
61
113
23
117
18
29
21
155
19
43
76
111
19
95
53
35
178
362
56
49
166
129
61
131
93
31
16
23
25
18
18
20
40
37
28
45
25
21
128
76
24
38
59
94
126
22
74
65
95
20
79
42
37
64
38
86
27
44
96
45
56
52
71
33
49
21
22
41
41
129
21
79
129
38
162
32
53
33
121
107
227
19
230
33
33
14
17
27
44
15
90
18
17
28
22
99
94
20
181
33
143
163
138
50
38
243
58
20
36
56
61
34
97
111
71
95
171
144
26
38
43
93
46
186
20
129
20
24
34
32
23
17
28
30
16
28
27
17
18
26
109
97
51
38
298
24
264
56
82
21
53
37
23
129
59
64
57
32
54
18
39
37
48
74
899
17
58
113
81
101
91
63
74
99
42
85
41
91
106
40
46
113
153
31
22
281
74
135
96
60
74
21
25
32
41
68
215
30
104
174
22
17
30
21
26
30
25
27
28
376
25
33
28
27
22
34
19
24
28
42
19
30
19
20
32
31
17
24
25
24
20
18
17
21
39
27
17
21
49
27
18
20
43
29
39
17
27
36
25
23
31
32
20
23
44
39
25
20
50
22
26
20
29
26
18
31
22
38
33
23
39
57
31
23
59
34
34
31
35
35
34
33
19
20
17
32
20
29
20
25
44
2790
32
29
30
34
31
22
27
25
99
60
42
43
51
62
43
56
43
32
40
91
46
24
42
33
41
29
30
66
35
37
97
65
23
27
21
48
79
17
33
67
20
20
21
18
31
20
49
42
19
59
41
61
51
46
40
60
26
29
24
52
18
31
42
17
27
43
33
31
18
32
18
567
106
27
20
51
29
28
22
22
21
20
23
42
22
16
28
24
32
18
24
46
34
48
26
45
36
38
30
28
52
24
35
31
39
21
28
19
27
32
31
30
36
41
28
34
28
54
30
46
18
52
27
22
20
26
23
21
22
22
32
23
21
21
43
1904
20
26
24
33
24
29
23
63
211
33
37
25
33
29
37
2142
55
35
88
43
38
45
41
42
36
42
36
47
31
27
41
36
43
56
34
25
35
40
24
52
20
37
30
45
24
31
57
39
31
33
29
45
33
24
51
32
74
26
164
18
22
30
37
18
22
64
48
96
73
156
43
401
63
203
172
330
56
32
202
66
79
197
50
30
94
48
133
41
18
20
27
19
27
25
28
34
26
29
18
18
534
15
35
33
22
253
22
70
55
74
65
42
24
117
34
103
35
91
18
59
158
18
206
17
20
31
17
35
18
24
20
21
24
23
32
14
23
18
19
34
20
17
21
16
24
38
18
18
16
16
28
15
42
26
18
19
30
19
22
30
23
15
17
19
16
22
13
18
19
21
18
22
38
18
21
17
19
31
58
16
23
26
28
29
24
28
25
27
19
22
32
27
25
764
25
52
42
20
28
30
28
30
28
38
29
19
33
17
30
31
26
19
28
26
21
30
23
29
47
22
36
31
34
24
38
33
21
22
19
14
32
30
28
19
18
17
22
186
69
22
69
46
43
52
46
47
34
57
71
51
33
42
27
40
66
31
73
71
90
53
35
60
92
39
56
121
114
39
40
64
55
16
42
52
34
36
77
22
66
32
36
61
17
20
30
25
17
34
57
35
32
18
35
19
40
32
14
28
27
28
15
60
16
3663
35
36
35
2123
32
33
33
38
45
107
216
93
82
45
55
46
138
20
23
61
20
26
54
63
76
55
130
31
26
82
44
36
196
52
216
61
81
97
49
46
137
50
38
24
42
39
57
20
16
16
45
47
76
140
26
74
138
21
68
21
187
23
207
82
76
58
239
14
192
54
24
36
29
1426
51
66
92
96
55
33
51
39
96
185
49
70
80
52
62
21
40
103
19
57
34
114
214
59
23
84
117
82
67
100
112
29
167
29
86
81
79
42
76
73
77
50
64
36
21
65
59
21
85
21
57
23
91
103
81
35
30
20
20
19
24
26
17
22
40
33
35
22
33
36
20
42
51
25
20
19
16
17
34
18
22
14
33
22
27
37
16
14
25
22
15
24
20
15
31
18
27
29
27
37
18
17
18
23
16
14
26
22
26
33
31
26
29
36
110
29
55
42
19
15
42
288
86
100
103
17
35
44
30
74
332
130
46
185
39
53
418
36
61
293
67
23
70
63
38
89
42
74
40
64
133
26
27
17
16
16
35
43
17
20
19
111
2534
20
18
20
29
46
53
41
15
90
58
40
35
35
32
46
52
45
40
35
35
65
54
23
20
14
33
37
23
33
30
37
50
63
87
33
23
43
28
52
48
30
28
28
34
27
29
36
26
28
38
25
35
29
19
32
35
37
36
127
105
30
56
61
65
93
45
27
144
50
27
22
98
19
18
39
76
224
86
24
20
24
72
89
63
39
186
30
52
82
52
130
141
52
103
47
39
92
31
64
47
130
154
33
21
39
57
96
147
55
39
69
32
151
54
53
32
26
28
23
17
14
16
17
42
70
21
110
32
53
18
25
66
59
41
39
56
57
27
53
19
17
20
21
17
64
69
47
102
49
138
36
31
18
21
21
50
20
31
18
49
24
60
65
19
17
27
60
118
53
40
17
83
41
37
71
53
60
21
29
113
19
68
34
108
42
64
51
25
43
26
62
28
22
24
34
16
18
22
28
44
130
21
39
53
40
52
31
25
49
46
82
42
62
132
28
205
59
129
145
37
44
28
20
29
55
78
173
27
148
27
38
41
184
43
47
185
104
98
36
48
66
904
19
23
45
228
24
83
64
30
17
71
21
4951
70
1013
51
41
32
39
20
38
122
47
59
89
31
50
40
37
30
48
35
34
29
32
35
31
2590
29
19
35
115
57
69
20
83
63
70
79
95
33
36
137
52
35
23
28
41
154
26
132
43
44
21
27
154
75
69
110
89
32
31
34
13
68
45
71
80
84
268
25
16
17
17
32
21
129
46
23
27
125
177
44
48
39
56
129
104
31
54
28
40
16
25
82
77
22
18
79
114
96
25
67
225
21
86
130
19
92
54
28
18
121
24
50
23
32
17
143
53
41
191
69
41
21
55
145
31
59
30
21
83
104
46
2929
269
31
27
136
40
36
84
27
91
132
56
55
62
60
66
42
45
42
38
79
105
55
54
32
58
36
94
21
55
23
21
52
70
17
56
80
29
53
35
57
124
56
19
41
21
64
86
40
150
39
75
54
54
38
39
20
32
31
60
66
52
86
214
94
16
48
24
37
38
30
37
63
114
42
59
90
50
54
44
123
44
170
42
54
167
140
44
78
35
5271
55
38
133
26
116
17
74
43
51
135
58
27
4485
64
50
54
118
50
41
40
87
50
21
18
17
78
51
30
59
82
43
56
50
208
18
139
65
54
21
45
423
77
1336
46
95
5240
31
109
43
102
33
75
110
190
50
100
15
20
31
36
93
24
128
35
109
35
36
124
62
40
57
62
70
20
41
55
64
47
116
56
28
92
42
100
30
43
71
20
17
98
40
66
30
66
15
61
37
84
63
38
64
157
105
178
170
192
289
291
137
125
427
106
119
67
120
117
310
125
210
154
66
71
57
46
59
37
91
28
63
66
80
65
67
51
117
39
17
25
20
30
58
53
16
17
39
21
33
28
27
30
29
90
49
27
116
26
21
29
20
30
28
32
19
38
23
16
43
32
28
158
150
44
28
18
14
23
23
21
22
32
24
51
37
35
26
31
16
48
54
16
20
24
31
59
46
18
47
15
34
57
26
33
51
27
170
58
163
38
22
146
63
35
19
54
64
42
70
110
43
147
58
59
35
33
35
27
171
81
56
43
222
407
27
107
87
27
58
139
58
55
25
51
37
22
42
39
28
29
473
18
41
109
38
206
33
493
82
30
93
451
19
186
36
24
63
135
28
175
83
161
254
90
58
116
64
22
69
58
26
29
57
231
255
38
47
19
18
150
16
18
32
114
57
309
46
47
427
51
59
62
34
58
73
58
93
18
70
92
76
50
22
30
448
22
279
41
198
17
58
184
35
17
110
38
39
172
64
26
46
89
71
36
5480
19
336
73
39
131
74
29
62
52
59
143
38
36
28
32
44
18
471
61
37
58
34
23
81
108
51
49
55
113
21
56
73
72
38
48
31
226
66
372
96
465
210
28
32
177
429
36
78
78
39
311
40
37
249
8770
351
129
24
15
106
19
29
42
18
39
32
26
34
18
47
20
50
23
42
34
31
35
38
2654
828
2414
742
156
901
1079
1110
1001
44
17
20
17
54
42
32
39
52
31
32
95
42
50
36
27
49
31
62
47
36
38
43
117
64
101
51
56
60
39
49
37
50
182
68
196
150
59
118
133
86
68
60
70
43
32
66
16
53
19
39
16
21
24
38
45
22
59
49
21
45
60
35
23
57
37
29
20
36
441
1409
197
2482
47
105
108
111
108
92
62
113
154
108
86
31
103
56
53
85
85
91
60
56
125
43
105
83
72
78
118
91
84
84
49
120
99
178
95
26
72
104
118
68
77
48
111
39
96
141
99
27
20
66
90
104
137
75
60
44
64
119
41
42
47
67
85
104
41
149
81
94
164
212
75
85
99
32
136
85
104
115
87
26
51
32
39
25
30
28
26
35
20
90
30
100
36
60
55
102
93
79
116
72
33
65
53
110
81
64
67
94
56
62
76
114
149
63
69
79
129
66
65
106
39
83
65
63
100
70
146
48
89
97
61
56
52
47
51
44
76
70
45
72
29
87
38
43
37
31
41
51
60
96
27
62
57
35
34
28
79
116
64
84
122
91
64
58
58
73
139
57
70
95
63
17
33
91
56
20
117
56
155
54
49
68
71
152
204
193
1012
455
340
19
25
24
18
71
21
29
35
31
19
91
15
2950
511
45
19
31
16
16
25
30
19
19
26
30
29
45
24
31
53
48
125
42
35
36
24
25
40
38
28
70
20
19
56
29
67
37
15
67
16
20
19
20
16
110
19
68
152
66
15
28
15
62
53
158
36
35
13
79
85
41
31
17
41
39
27
46
16
115
64
48
57
19
39
45
63
22
41
21
68
33
101
62
108
83
52
117
142
342
43
18
33
25
30
23
28
25
19
19
18
15
20
17
15
17
23
23
24
29
27
20
17
139
72
27
35
39
32
55
50
59
29
62
35
48
83
45
46
40
55
54
70
137
49
57
61
104
74
53
41
35
72
48
42
91
86
42
64
83
32
87
53
85
99
26
87
65
44
49
69
63
52
37
21
26
25
22
26
23
24
29
32
28
73
22
29
25
22
114
103
95
39
42
139
123
40
30
20
31
82
29
36
71
82
50
37
29
18
126
370
529
190
114
132
94
28
21
23
26
27
26
21
26
28
19
24
20
29
22
27
25
21
17
21
28
25
19
15
18
27
337
1682
834
203
39
101
178
21
18
17
17
26
22
25
27
25
22
17
16
16
16
17
18
29
15
15
25
17
16
21
24
18
18
16
22
33
27
19
17
28
15
16
23
21
14
13
23
21
14
13
17
97
112
63
21
54
20
30
25
43
37
21
54
81
99
45
70
19
35
29
91
75
62
128
64
38
18
19
36
22
42
97
48
213
285
98
174
424
92
176
21
23
23
22
24
16
33
52
23
20
15
20
18
26
16
18
15
18
26
20
28
21
16
16
26
38
20
24
21
20
23
25
20
20
20
17
17
18
55
67
374
2922
30
22
23
33
15
23
22
25
25
24
23
18
17
15
26
20
29
24
22
48
77
30
89
27
66
35
19
85
43
76
89
435
48
50
35
46
99
22
17
38
28
67
40
16
29
67
53
51
45
43
19
19
31
16
124
50
149
40
104
85
65
310
218
152
104
170
81
19
19
23
31
26
20
22
22
14
42
33
37
19
30
22
27
23
27
25
17
27
26
21
30
116
130
115
239
99
65
237
77
62
133
123
152
53
43
48
60
34
101
37
33
52
41
15
40
42
37
80
102
52
62
18
37
59
78
31
48
30
67
67
60
35
17
15
15
15
16
16
16
21
24
18
19
25
26
24
17
16
23
24
16
27
14
19
25
16
15
20
46
79
14
34
19
16
43
38
35
78
24
33
47
30
33
42
27
34
36
98
15
77
18
94
21
135
40
19
53
52
19
57
56
47
42
45
36
30
78
18
33
77
54
42
27
28
70
38
18
103
105
21
29
48
88
23
19
69
52
42
46
58
67
57
70
34
33
78
136
132
22
14
24
41
17
23
25
16
19
18
24
31
26
43
79
27
197
26
29
35
27
14
22
27
46
17
15
32
27
78
43
34
32
82
23
13
20
28
26
21
18
17
15
16
16
20
18
15
15
17
18
16
14
13
13
12
15
110
1047
118
37
25
17
19
21
23
36
24
38
17
22
89
55
31
31
20
28
30
28
27
23
37
22
23
54
18
29
18
28
31
23
86
79
201
72
150
194
148
147
17
70
211
36
26
19
17
21
22
19
20
13
19
18
26
16
16
22
24
16
14
21
103
28
47
55
225
136
175
106
30
43
40
159
26
44
47
34
22
31
43
104
29
105
37
115
59
144
294
136
31
83
49
51
18
53
62
23
19
18
60
35
42
46
28
18
30
25
29
20
27
21
19
15
18
16
20
19
15
15
14
31
97
24
31
29
42
21
41
27
28
29
17
14
25
21
41
32
26
34
41
44
16
33
31
17
52
64
27
28
26
21
26
40
31
33
40
22
37
25
115
152
17
100
31
16
101
18
103
97
51
67
112
42
48
30
46
19
73
250
44
262
91
54
168
35
62
31
18
144
38
60
105
41
36
61
24
21
23
55
17
30
18
20
26
25
19
18
28
26
25
22
27
31
25
20
24
30
24
25
31
28
27
53
28
23
23
27
30
28
61
67
35
23
171
27
33
24
18
18
23
19
25
22
38
25661
241
77
40
31
21
21
23
115
92
103
51
59
106
198
114
98
91
94
49
32
44
64
170
97
136
106
153
97
271
154
96
104
178
62
72
76
131
145
82
91
45
101
75
98
47
44
73
84
89
100
131
160
45
83
92
113
74
46
50
53
115
115
35
48
55
81
56
113
88
67
129
145
49
39
42
41
63
45
79
76
139
388
133
56
60
44
65
114
71
56
51
119
82
75
89
71
117
46
89
62
35
38
42
156
113
71
76
80
76
39
32
36
69
54
216
57
73
287
136
50
147
30
55
75
57
350
169
105
58
115
62
86
87
59
43
57
53
50
62
33
22
19
24
14
29
51
38
51
52
43
34
35
134
71
265
97
52
63
46
73
58
59
82
117
90
154
100
442
82
43
110
127
137
23
97
61
17
57
23
33
38
12
30
34
30
119
82
86
131
44
76
58
76
31
88
51
51
53
28
36
15
25
19
46
20
24
32
62
27
33
18
25
16
15
22
16
15
17
21
17
18
29
25
24
26
28
25
24
26
27
20
18
27
23
28
25
26
20
22
27
26
63
23
37
26
16
32
17
17
18
21
16
16
15
20
15
14
14
15
13
15
16
15
19
14
16
17
15
14
18
22
14
13
15
16
15
15
17
14
15
14
16
14
15
15
14
18
14
16
14
14
14
15
16
20
20
18
13
14
15
18
14
21
96
67
87
594
171
134
191
101
34
80
59
52
71
47
50
47
188
55
112
92
66
56
80
82
91
83
24
28
45
83
31
64
45
69
85
83
39
56
255
61
141
42
21
128
51
55
66
90
94
117
69
113
54
22
17
26
24
27
19
109
39
113
72
29
108
33
43
89
75
73
126
35
106
176
245
334
122
42
214
604
227
75
239
26
27
24
25
43
28
24
16
19
27
26
22
17
16
17
17
24
25
20
28
18
26
28
20
23
24
621
414
139
343
32
142
19
53
19
56
22
39
22
63
47
28
17
104
139
51
69
27
76
95
40
164
52
61
30
21
25
69
26
20
23
23
17
26
18
18
15
19
19
17
17
23
19
16
29
47
28
17
19
17
16
23
18
28
20
19
19
18
15
19
19
13
18
22
20
18
18
19
34
20
19
24
26
19
15
18
13
17
27
15
16
17
47
71
19
40
75
44
20
115
23
23
191
46
25
45
21
163
58
21
148
18
68
24
45
119
66
35
27
37
50
54
34
38
79
115
271
65
155
91
184
81
223
24
90
53
69
156
28
25
20
16
19
14
18
28
23
28
28
28
27
19
26
35
31
26
30
49
119
54
127
14
87
55
62
70
85
37
33
44
69
89
59
38
67
44
36
45
50
106
76
21
69
20
113
21
93
15
111
42
89
56
80
58
37
39
27
60
86
58
74
183
98
81
66
36
645
18
29
34
21
23
31
18
16
16
18
23
16
15
16
19
16
16
18
17
17
14
17
17
14
128
214
55
110
144
94
167
46
21
41
93
72
60
17
36
86
100
22
252
39
64
38
313
38
61
117
55
1086
21
64
32
42
99
38
45
31
3420
21
17
16
21
18
19
15
16
20
20
14
15
26
21
21
14
13
30
15
21
16
18
65
183
112
56
39
59
31
56
50
49
50
40
32
34
56
84
118
71
86
115
41
63
74
74
76
126
83
57
174
129
137
49
81
86
352
63
34
148
52
103
46
26
24
22
23
16
18
14
17
14
22
23
17
17
33
16
14
17
17
15
17
18
15
18
15
15
18
47
345
58
71
42
76
117
42
53
69
72
70
54
152
152
27
34
69
87
95
50
121
94
59
53
86
46
64
75
63
117
38
21
48
87
60
17
17
28
16
334
111
51
37
182
173
27
29
65
206
148
20
30
33
23
67
26
58
15
30
27
26
49
21
19
20
30
31
44
58
56
144
42
39
68
27
48
20
20
31
16
37
16
29
80
48
86
71
44
19
54
190
23
20
34
19
19
23
14
20
19
20
17
18
16
16
15
15
17
17
16
17
20
19
44
61
108
49
25
28
29
33
30
49
81
31
46
77
14
70
69
103
74
20
41
31
46
31
63
32
22
18
24
28
26
18
58
61
141
42
30
51
103
69
124
44
19
43
42
64
35
42
164
53
34
18
74
44
16
21
16
26
23
52
22
17
15
17
15
23
17
17
16
21
16
17
17
25
16
16
16
29
16
17
18
16
15
21
15
23
122
51
54
24
22
31
17
20
57
104
61
46
27
39
106
43
22
26
15
39
17
32
31
29
17
28
34
24
27
39
40
50
31
64
34
63
17
54
21
54
29
68
126
28
1169
18
16
15
20
18
16
17
17
17
17
22
25
17
18
16
16
17
19
50
117
69
33
56
26
97
71
52
70
17
32
103
37
71
28
57
52
36
39
61
39
64
48
82
117
23
31
22
23
35
35
42
21
62
48
77
82
37
56
17
61
52
33
18
26
23
109
61
65
52
61
65
79
30
42
88
108
17
31
15
17
16
26
13
16
17
15
17
18
16
17
19
17
25
36
58
42
224
29
20
94
55
105
66
220
48
54
86
59
47
74
45
16
44
24
17
32
59
45
42
27
21
17
84
114
121
40
74
50
23
73
43
43
20
40
34
51
22
48
46
18
31
17
19
48
24
320
39
83
18
18
38
42
63
67
84
35
36
74
90
20
70
24
105
101
120
45
56
19
120
51
31
20
69
36
30
49
77
46
55
37
47
35
59
30
26
65
47
23
65
42
61
29
22
34
59
23
46
35
19
41
88
27
16
20
17
19
14
16
17
13
16
16
18
24
22
20
15
17
18
17
14
16
15
14
16
15
20
34
142
98
40
43
29
138
62
47
50
43
33
78
30
78
44
37
64
53
90
51
29
35
46
157
20
16
38
35
66
67
38
128
65
18
21
34
71
117
177
160
22
20
27
104
26
16
41
38
29
19
48
18
13
17
14
17
19
21
29
68
18
104
34
74
36
173
174
20
86
132
72
63
32
159
67
101
41
18
44
30
19
95
93
35
21
40
66
75
44
41
125
69
57
21
182
85
43
30
47
13
17
98
20
26
19
23
20
15
19
22
22
24
17
17
17
21
39
164
81
41
45
35
140
27
39
38
47
23
34
42
86
50
83
133
102
47
115
78
26
72
36
56
26
102
32
73
25
37
72
74
39
39
113
77
114
110
33
124
20
43
30
54
14
26
19
27
39
17
15
79
28
43
69
20
36
67
57
58
48
27
68
18
26
33
50
76
174
29
35
65
47
46
40
132
103
16
39
59
53
42
68
48
66
40
104
76
58
33
23
33
47
60
97
49
128
53
31
17
18
19
18
14
20
17
18
47
80
54
19
72
50
29
73
71
20
42
56
65
69
31
38
29
59
83
26
17
121
118
88
23
20
45
104
39
62
52
73
62
41
116
21
115
37
45
79
36
43
61
43
14
44
48
89
165
17
19
19
13
20
15
20
19
16
27
26
37
27
20
34
120
123
203
55
25
104
40
47
37
36
31
22
63
40
19
18
149
27
32
21
198
173
32
46
31
59
77
34
21
58
68
84
25
131
22
41
19
84
14
38
1843
26
49
40
14
22
23
26
19
18
21
27
61
45
32
79
44
19
68
29
17
41
25
17
96
26
86
76
43
24
27
48
17
55
34
36
37
32
22
18
36
100
23
28
32
19
38
43
27
38
20
46
43
57
16
39
26
20
38
62
39
38
17
54
91
17
50
34
55
59
24
35
71
38
67
35
34
84
19
75
34
17
23
15
16
19
21
16
18
15
18
17
16
17
23
26
31
18
41
15
19
24
16
16
16
147
28
20
100
57
56
67
33
35
27
66
38
45
63
16
44
39
40
69
37
43
49
35
109
41
81
62
61
103
57
112
103
54
52
69
90
50
83
80
36
63
95
200
69
86
95
25
30
70
51
112
74
41
42
89
58
77
90
18
20
17
25
19
14
16
15
45
50
15
29
17
28
20
23
20
19
13
20
23
19
14
15
18
16
13
15
23
17
19
14
16
15
17
16
140
40
119
30
57
33
63
70
101
67
44
89
203
27
97
85
31
191
39
43
920
127
193
198
654
64
114
459
66
32
141
103
122
76
46
31
30
47
18
23
28
35
72
67
17
17
20
16
24
23
49
27
22
24
32
54
133
117
73
108
93
37
42
187
133
132
60
122
22
58
42
84
111
24
15
60
51
53
85
78
26
233
58
107
126
36
22
43
48
41
62
135
22
48
20
118
57
77
224
36
29
36
17
25
27
31
17
21
20
17
20
19
18
23
17
15
20
15
20
17
18
18
17
68
323
45
37
356
38
32
38
19
72
135
104
65
75
56
28
61
256
118
54
56
88
48
116
48
20
197
41
17
63
49
60
82
49
41
92
59
18
44
147
41
61
35
139
24
52
92
92
27
44
27
42
117
36
75
65
65
44
19
20
29
31
51
76
83
57
336
90
43
33
36
21
54
39
155
63
45
55
58
77
79
60
54
33
98
40
209
59
18
154
25
31
25
24
39
20
19
21
25
30
19
24
29
31
25
22
26
22
163
39
61
57
70
37
37
60
50
128
51
23
26
39
167
218
23
89
533
59
346
20
19
141
19
23
201
54
19
89
49
74
19
197
44
31
84
18
85
113
20
27
19
24
25
20
15
17
21
17
16
21
24
25
16
17
18
15
18
17
19
16
16
19
15
15
18
19
16
15
16
16
18
21
18
23
79
139
80
92
92
101
172
33
33
16
229
43
35
515
55
30
27
59
78
145
173
20
30
77
1213
43
239
57
22
63
20
18
43
60
18
42
17
39
35
20
54
78
19
42
28
28
16
101
81
19
33
42
77
18
27
23
48
35
14
41
28
46
161
31
14
78
32
89
36
35
61
43
141
45
56
57
30
37
18
30
34
16
38
112
18
18
115
47
28
180
166
51
18
43
126
56
31
25
32
71
76
75
63
39
29
33
99
32
53
48
31
23
42
17
15
23
20
17
16
18
17
18
17
18
17
27
18
16
26
20
24
23
27
20
17
19
14
35
23
17
22
25
17
14
39
43
18
202
112
165
31
21
22
28
164
19
102
36
102
66
410
63
38
20
564
116
62
59
60
130
34
63
183
33
134
47
97
81
33
67
16
22
23
17
16
16
36
18
15
20
13
17
20
16
13
18
16
15
20
19
14
14
21
15
15
13
15
16
17
21
23
137
142
59
25
39
183
118
113
36
53
26
73
101
218
98
21
28
20
29
53
66
61
211
83
54
53
104
55
57
28
61
43
107
16
20
37
78
77
22
75
21
91
104
43
92
83
36
37
36
27
38
15
31
61
115
85
83
24
73
24
16
55
38
16
23
22
26
34
39
35
34
33
22
27
21
22
17
71
18
44
39
29
33
17
22
22
17
16
16
16
18
14
19
19
18
16
16
25
22
17
19
15
25
43
3163
30
20
30
18
24
20
21
18
16
20
16
16
22
16
26
23
15
21
93
82
45
102
46
29
773
102
61
33
60
47
20
54
55
104
380
27
26
55
32
82
31
27
23
88
76
957
31
20
25
15
20
15
20
16
21
18
24
85
21
54
23
18
20
16
80
47
31
37
23
43
32
17
22
22
29
15
29
51
31
65
20
19
15
49
57
42
28
26
52
37
33
20
19
25
29
14
25
20
20
15
19
16
22
19
17
20
30
19
42
26
25
55
89
36
30
33
36
34
17
15
22
49
47
29
52
36
39
32
18
39
30
25
24
73
85
13
14
35
41
44
55
44
16
47
30
28
21
20
19
18
14
18
15
20
17
15
22
15
16
19
15
18
23
22
18
20
36
49
57
42
53
56
54
90
50
72
212
112
87
121
89
73
75
78
72
89
69
56
70
75
74
99
140
140
199
100
118
223
69
76
64
56
66
66
55
57
87
606
234
63
60
43
64
39
26
1072
44
99
53
35
37
41
24
73
54
26
23
75
74
28
47
68
29
34
77
46
40
18
30
23
57
58
51
22
63
38
28
69
26
35
40
21
23
19
16
17
19
15
18
882
125
53
135
170
50
41
56
64
80
82
52
164
111
72
58
49
77
42
45
41
44
61
50
64
50
50
43
42
33
58
84
90
122
112
117
111
101
147
140
114
115
87
48
37
42
33
30
17
20
15
15
20
18
17
15
17
16
14
15
18
18
66
45
82
50
75
95
44
57
55
60
120
54
41
81
42
50
41
47
46
47
45
42
74
46
52
58
45
41
47
95
109
49
34
55
40
49
84
42
41
21
34
49
74
35
31
19
33
50
38
43
21
15
15
16
15
16
17
14
17
24
17
13
18
18
13
19
17
14
20
17
20
13
17
15
15
14
16
19
17
19
41
57
41
30
30
17
18
22
20
20
17
18
22
22
27
36
20
17
20
20
34
23
25
32
25
21
18
34
24
18
16
17
19
16
18
30
38
60
27
22
15
15
15
21
17
24
107
44
57
50
67
45
44
47
34
34
49
63
76
51
40
59
43
57
75
103
61
35
71
43
38
44
33
30
59
74
37
36
40
35
33
53
38
35
56
36
34
49
37
33
36
33
36
39
31
45
28
16
15
15
13
19
16
19
17
16
18
22
15
19
16
16
17
16
15
16
18
16
16
15
17
19
14
18
16
15
23
16
13
15
28
30
39
37
60
81
38
41
47
51
39
42
43
45
52
54
75
78
46
53
64
39
46
75
57
54
55
90
56
102
75
42
56
62
49
56
50
47
44
59
48
41
40
37
57
53
39
50
47
63
22
17
15
15
20
20
15
17
19
16
18
57
48
88
59
36
51
54
45
25
49
41
48
80
75
48
36
53
47
54
47
45
54
41
50
51
61
55
61
125
33
33
36
92
93
101
98
72
61
121
60
59
62
56
56
61
64
55
56
55
47
37
34
22
27
33
18
16
22
20
36
15
17
28
16
16
22
17
16
16
18
14
17
79
51
55
40
31
119
102
64
42
45
48
27
35
39
34
37
31
32
47
39
35
35
44
42
36
67
56
25
41
36
49
50
34
28
37
68
63
48
53
46
46
40
48
32
31
46
39
33
23
33
36
18
16
18
19
22
15
15
15
16
15
15
15
15
14
15
16
17
18
19
25
38
49
29
27
44
35
52
34
31
67
33
53
35
39
40
39
41
58
34
38
40
57
37
39
68
25
36
49
40
34
40
32
34
38
33
57
39
37
28
38
33
52
56
45
53
35
37
51
30
48
54
41
29
18
23
25
18
19
41
60
23
18
15
17
19
17
17
14
17
15
14
16
31
44
53
63
71
53
49
38
30
26
35
42
41
32
27
35
46
40
32
55
41
54
32
33
29
41
40
31
39
38
52
33
36
40
42
36
33
43
40
42
30
94
181
41
56
78
40
39
28
19
14
17
16
15
16
16
16
16
19
37
32
31
39
20
47
41
33
34
32
38
42
30
29
33
38
45
27
33
43
38
35
36
35
59
35
53
47
55
53
36
40
35
35
40
37
59
26
55
45
37
27
29
39
45
46
65
34
35
43
48
37
17
15
17
15
33
92
53
56
89
72
51
50
72
43
53
56
42
62
59
85
52
67
50
57
46
63
55
45
62
45
102
65
36
41
48
78
47
53
43
37
51
40
53
64
45
37
62
48
41
49
50
48
64
43
14
15
23
21
14
18
16
21
15
22
19
20
16
18
16
13
25
19
18
50
17
17
41
84
59
87
65
82
82
136
71
101
168
97
113
157
58
86
73
47
61
84
70
44
45
42
62
43
43
41
37
36
35
42
45
49
113
39
31
42
41
36
29
23
22
103
43
45
37
40
40
39
42
43
21
15
16
15
17
16
17
17
16
17
17
18
16
15
15
14
15
18
18
15
15
20
35
37
40
61
73
59
41
28
34
46
45
36
39
39
36
30
38
30
42
32
33
43
39
47
41
37
36
81
42
35
32
39
44
31
24
38
27
39
33
32
39
38
46
43
34
43
51
30
49
28
39
32
34
21
21
37
46
42
40
44
37
42
38
42
42
42
27
33
41
40
46
35
53
38
43
37
42
39
53
58
50
36
40
31
39
60
49
30
38
41
43
34
36
35
33
31
40
31
40
42
31
30
29
42
34
21
19
14
15
13
12
16
15
16
15
15
13
19
33
48
49
65
60
57
50
51
66
74
40
60
43
32
34
56
35
41
62
35
29
31
90
47
39
76
33
31
39
72
28
49
30
28
29
28
38
55
40
43
46
45
41
40
47
49
33
59
45
30
19
19
17
18
21
15
15
14
17
15
16
18
16
15
51
42
40
31
40
47
44
50
57
35
31
38
32
38
42
40
38
62
50
24
37
18
41
41
29
52
69
42
38
41
48
29
37
33
32
45
51
34
57
48
48
57
55
70
52
61
77
59
27
36
23
45
94
58
63
38
42
59
66
51
67
51
45
67
47
97
56
101
69
71
38
81
41
79
57
46
44
51
32
51
46
49
49
55
55
48
84
41
46
67
49
43
49
97
47
90
51
54
57
48
31
22
19
17
16
16
33
19
22
27
26
16
26
24
46
36
50
35
26
29
16
25
23
16
23
42
35
29
26
36
25
23
19
17
30
18
23
19
15
16
19
21
21
19
19
34
26
20
16
18
17
20
23
20
21
17
20
18
18
15
42
53
58
49
49
50
57
123
46
43
44
90
60
35
35
35
45
29
25
37
42
31
42
49
35
38
40
34
22
49
28
33
62
25
38
50
38
38
41
39
43
43
23
46
42
29
39
43
40
35
39
22
17
14
19
19
17
17
17
16
21
18
20
27
18
16
15
18
16
14
17
16
13
15
18
15
14
18
15
40
42
46
43
42
43
59
44
50
30
43
32
41
37
40
35
31
37
29
51
32
40
39
37
59
36
42
29
39
41
33
44
29
68
36
36
31
47
39
64
86
56
62
45
60
64
94
57
54
48
53
57
24
16
22
24
19
16
16
19
20
15
21
18
17
15
14
14
25
23
16
15
23
21
96
63
81
54
55
73
31
51
46
57
42
42
49
49
73
32
45
37
35
28
36
35
54
29
38
35
46
35
51
35
54
31
36
40
26
34
36
32
24
43
27
36
39
33
62
28
29
26
56
87
28
43
40
